G0Result: 3.69129
G0nrChm: 22
G0FB: AT19 AT25 AT30 

G1Result: 4.20454
G1nrChm: 65
G1FB: AT14 AT25 AT30 

G2Result: 4.20454
G2nrChm: 87
G2FB: AT14 AT25 AT30 

G3Result: 4.20454
G3nrChm: 94
G3FB: AT14 AT25 AT30 

G4Result: 4.20454
G4nrChm: 106
G4FB: AT14 AT25 AT30 

G5Result: 4.20454
G5nrChm: 111
G5FB: AT14 AT25 AT30 

G6Result: 4.20454
G6nrChm: 119
G6FB: AT14 AT25 AT30 

G7Result: 4.20454
G7nrChm: 126
G7FB: AT14 AT25 AT30 

G8Result: 4.20454
G8nrChm: 135
G8FB: AT14 AT25 AT30 

G9Result: 4.20454
G9nrChm: 141
G9FB: AT14 AT25 AT30 

G10Result: 4.20454
G10nrChm: 152
G10FB: AT14 AT25 AT30 

G11Result: 4.20454
G11nrChm: 163
G11FB: AT14 AT25 AT30 

G12Result: 4.20454
G12nrChm: 172
G12FB: AT14 AT25 AT30 

G13Result: 4.20454
G13nrChm: 179
G13FB: AT14 AT25 AT30 

G14Result: 4.20454
G14nrChm: 186
G14FB: AT14 AT25 AT30 

G15Result: 4.20454
G15nrChm: 187
G15FB: AT14 AT25 AT30 

G16Result: 4.20454
G16nrChm: 193
G16FB: AT14 AT25 AT30 

G17Result: 4.20454
G17nrChm: 199
G17FB: AT14 AT25 AT30 

G18Result: 4.20454
G18nrChm: 207
G18FB: AT14 AT25 AT30 

G19Result: 4.20454
G19nrChm: 209
G19FB: AT14 AT25 AT30 

G20Result: 4.20454
G20nrChm: 213
G20FB: AT14 AT25 AT30 

