G0Result: 7.85269
G0nrChm: 30
G0FB: AT14 AT19 AT22 AT24 AT25 AT30 AT33 

G1Result: 8.45735
G1nrChm: 157
G1FB: AT14 AT19 AT22 AT24 AT25 AT30 AT41 

G2Result: 8.45735
G2nrChm: 197
G2FB: AT14 AT19 AT22 AT24 AT25 AT30 AT41 

G3Result: 8.45735
G3nrChm: 250
G3FB: AT14 AT19 AT22 AT24 AT25 AT30 AT41 

G4Result: 8.45735
G4nrChm: 296
G4FB: AT14 AT19 AT22 AT24 AT25 AT30 AT41 

G5Result: 8.45735
G5nrChm: 345
G5FB: AT14 AT19 AT22 AT24 AT25 AT30 AT41 

G6Result: 8.45735
G6nrChm: 405
G6FB: AT14 AT19 AT22 AT24 AT25 AT30 AT41 

G7Result: 8.45735
G7nrChm: 443
G7FB: AT14 AT19 AT22 AT24 AT25 AT30 AT41 

G8Result: 8.45735
G8nrChm: 470
G8FB: AT14 AT19 AT22 AT24 AT25 AT30 AT41 

G9Result: 8.45735
G9nrChm: 508
G9FB: AT14 AT19 AT22 AT24 AT25 AT30 AT41 

G10Result: 8.45735
G10nrChm: 553
G10FB: AT14 AT19 AT22 AT24 AT25 AT30 AT41 

G11Result: 8.45735
G11nrChm: 576
G11FB: AT14 AT19 AT22 AT24 AT25 AT30 AT41 

G12Result: 8.45735
G12nrChm: 631
G12FB: AT14 AT19 AT22 AT24 AT25 AT30 AT41 

G13Result: 8.45735
G13nrChm: 669
G13FB: AT14 AT19 AT22 AT24 AT25 AT30 AT41 

G14Result: 8.45735
G14nrChm: 702
G14FB: AT14 AT19 AT22 AT24 AT25 AT30 AT41 

G15Result: 8.45735
G15nrChm: 756
G15FB: AT14 AT19 AT22 AT24 AT25 AT30 AT41 

G16Result: 8.45735
G16nrChm: 786
G16FB: AT14 AT19 AT22 AT24 AT25 AT30 AT41 

G17Result: 8.45735
G17nrChm: 801
G17FB: AT14 AT19 AT22 AT24 AT25 AT30 AT41 

G18Result: 8.45735
G18nrChm: 839
G18FB: AT14 AT19 AT22 AT24 AT25 AT30 AT41 

G19Result: 8.45735
G19nrChm: 873
G19FB: AT14 AT19 AT22 AT24 AT25 AT30 AT41 

G20Result: 8.45735
G20nrChm: 908
G20FB: AT14 AT19 AT22 AT24 AT25 AT30 AT41 

