G0Result: 9.46582
G0nrChm: 26
G0FB: AT14 AT19 AT22 AT23 AT24 AT25 AT30 AT33 AT41 

G1Result: 9.67862
G1nrChm: 140
G1FB: AT13 AT14 AT19 AT22 AT24 AT25 AT30 AT33 AT41 

G2Result: 9.67862
G2nrChm: 190
G2FB: AT13 AT14 AT19 AT22 AT24 AT25 AT30 AT33 AT41 

G3Result: 9.67862
G3nrChm: 253
G3FB: AT13 AT14 AT19 AT22 AT24 AT25 AT30 AT33 AT41 

G4Result: 9.67862
G4nrChm: 301
G4FB: AT13 AT14 AT19 AT22 AT24 AT25 AT30 AT33 AT41 

G5Result: 9.67862
G5nrChm: 346
G5FB: AT13 AT14 AT19 AT22 AT24 AT25 AT30 AT33 AT41 

G6Result: 9.67862
G6nrChm: 417
G6FB: AT13 AT14 AT19 AT22 AT24 AT25 AT30 AT33 AT41 

G7Result: 9.67862
G7nrChm: 463
G7FB: AT13 AT14 AT19 AT22 AT24 AT25 AT30 AT33 AT41 

G8Result: 9.67862
G8nrChm: 517
G8FB: AT13 AT14 AT19 AT22 AT24 AT25 AT30 AT33 AT41 

G9Result: 9.67862
G9nrChm: 551
G9FB: AT13 AT14 AT19 AT22 AT24 AT25 AT30 AT33 AT41 

G10Result: 9.67862
G10nrChm: 605
G10FB: AT13 AT14 AT19 AT22 AT24 AT25 AT30 AT33 AT41 

G11Result: 9.67862
G11nrChm: 638
G11FB: AT13 AT14 AT19 AT22 AT24 AT25 AT30 AT33 AT41 

G12Result: 9.67862
G12nrChm: 676
G12FB: AT13 AT14 AT19 AT22 AT24 AT25 AT30 AT33 AT41 

G13Result: 9.67862
G13nrChm: 735
G13FB: AT13 AT14 AT19 AT22 AT24 AT25 AT30 AT33 AT41 

G14Result: 9.67862
G14nrChm: 784
G14FB: AT13 AT14 AT19 AT22 AT24 AT25 AT30 AT33 AT41 

G15Result: 9.67862
G15nrChm: 831
G15FB: AT13 AT14 AT19 AT22 AT24 AT25 AT30 AT33 AT41 

G16Result: 9.67862
G16nrChm: 916
G16FB: AT13 AT14 AT19 AT22 AT24 AT25 AT30 AT33 AT41 

G17Result: 9.67862
G17nrChm: 965
G17FB: AT13 AT14 AT19 AT22 AT24 AT25 AT30 AT33 AT41 

G18Result: 9.67862
G18nrChm: 1012
G18FB: AT13 AT14 AT19 AT22 AT24 AT25 AT30 AT33 AT41 

G19Result: 9.67862
G19nrChm: 1069
G19FB: AT13 AT14 AT19 AT22 AT24 AT25 AT30 AT33 AT41 

G20Result: 9.67862
G20nrChm: 1139
G20FB: AT13 AT14 AT19 AT22 AT24 AT25 AT30 AT33 AT41 

