G0Result: 3.06403
G0nrChm: 16
G0FB: AT25 AT30 

G1Result: 3.06403
G1nrChm: 29
G1FB: AT25 AT30 

G2Result: 3.06403
G2nrChm: 42
G2FB: AT25 AT30 

G3Result: 3.06403
G3nrChm: 51
G3FB: AT25 AT30 

G4Result: 3.06403
G4nrChm: 56
G4FB: AT25 AT30 

G5Result: 3.06403
G5nrChm: 60
G5FB: AT25 AT30 

G6Result: 3.06403
G6nrChm: 65
G6FB: AT25 AT30 

G7Result: 3.06403
G7nrChm: 68
G7FB: AT25 AT30 

G8Result: 3.06403
G8nrChm: 71
G8FB: AT25 AT30 

G9Result: 3.06403
G9nrChm: 75
G9FB: AT25 AT30 

G10Result: 3.06403
G10nrChm: 84
G10FB: AT25 AT30 

G11Result: 3.06403
G11nrChm: 87
G11FB: AT25 AT30 

G12Result: 3.06403
G12nrChm: 88
G12FB: AT25 AT30 

G13Result: 3.06403
G13nrChm: 90
G13FB: AT25 AT30 

G14Result: 3.06403
G14nrChm: 91
G14FB: AT25 AT30 

G15Result: 3.06403
G15nrChm: 97
G15FB: AT25 AT30 

G16Result: 3.06403
G16nrChm: 102
G16FB: AT25 AT30 

G17Result: 3.06403
G17nrChm: 104
G17FB: AT25 AT30 

G18Result: 3.06403
G18nrChm: 106
G18FB: AT25 AT30 

G19Result: 3.06403
G19nrChm: 106
G19FB: AT25 AT30 

G20Result: 3.06403
G20nrChm: 106
G20FB: AT25 AT30 

