G0Result: 5.85647
G0nrChm: 30
G0FB: AT14 AT18 AT24 AT25 AT30 

G1Result: 6.82697
G1nrChm: 104
G1FB: AT14 AT24 AT25 AT30 AT41 

G2Result: 6.82697
G2nrChm: 141
G2FB: AT14 AT24 AT25 AT30 AT41 

G3Result: 6.82697
G3nrChm: 175
G3FB: AT14 AT24 AT25 AT30 AT41 

G4Result: 6.82697
G4nrChm: 199
G4FB: AT14 AT24 AT25 AT30 AT41 

G5Result: 6.82697
G5nrChm: 215
G5FB: AT14 AT24 AT25 AT30 AT41 

G6Result: 6.82697
G6nrChm: 248
G6FB: AT14 AT24 AT25 AT30 AT41 

G7Result: 6.82697
G7nrChm: 271
G7FB: AT14 AT24 AT25 AT30 AT41 

G8Result: 6.82697
G8nrChm: 286
G8FB: AT14 AT24 AT25 AT30 AT41 

G9Result: 6.82697
G9nrChm: 318
G9FB: AT14 AT24 AT25 AT30 AT41 

G10Result: 6.82697
G10nrChm: 339
G10FB: AT14 AT24 AT25 AT30 AT41 

G11Result: 6.82697
G11nrChm: 356
G11FB: AT14 AT24 AT25 AT30 AT41 

G12Result: 6.82697
G12nrChm: 378
G12FB: AT14 AT24 AT25 AT30 AT41 

G13Result: 6.82697
G13nrChm: 401
G13FB: AT14 AT24 AT25 AT30 AT41 

G14Result: 6.82697
G14nrChm: 411
G14FB: AT14 AT24 AT25 AT30 AT41 

G15Result: 6.82697
G15nrChm: 426
G15FB: AT14 AT24 AT25 AT30 AT41 

G16Result: 6.82697
G16nrChm: 443
G16FB: AT14 AT24 AT25 AT30 AT41 

G17Result: 6.82697
G17nrChm: 468
G17FB: AT14 AT24 AT25 AT30 AT41 

G18Result: 6.82697
G18nrChm: 497
G18FB: AT14 AT24 AT25 AT30 AT41 

G19Result: 6.82697
G19nrChm: 512
G19FB: AT14 AT24 AT25 AT30 AT41 

G20Result: 6.82697
G20nrChm: 528
G20FB: AT14 AT24 AT25 AT30 AT41 

