G0Result: 9.04271
G0nrChm: 29
G0FB: AT14 AT19 AT22 AT24 AT25 AT30 AT33 AT41 

G1Result: 9.04271
G1nrChm: 157
G1FB: AT14 AT19 AT22 AT24 AT25 AT30 AT33 AT41 

G2Result: 9.04271
G2nrChm: 185
G2FB: AT14 AT19 AT22 AT24 AT25 AT30 AT33 AT41 

G3Result: 9.04271
G3nrChm: 239
G3FB: AT14 AT19 AT22 AT24 AT25 AT30 AT33 AT41 

G4Result: 9.04271
G4nrChm: 290
G4FB: AT14 AT19 AT22 AT24 AT25 AT30 AT33 AT41 

G5Result: 9.04271
G5nrChm: 336
G5FB: AT14 AT19 AT22 AT24 AT25 AT30 AT33 AT41 

G6Result: 9.06861
G6nrChm: 415
G6FB: AT13 AT14 AT19 AT22 AT24 AT25 AT30 AT41 

G7Result: 9.06861
G7nrChm: 469
G7FB: AT13 AT14 AT19 AT22 AT24 AT25 AT30 AT41 

G8Result: 9.06861
G8nrChm: 520
G8FB: AT13 AT14 AT19 AT22 AT24 AT25 AT30 AT41 

G9Result: 9.06861
G9nrChm: 571
G9FB: AT13 AT14 AT19 AT22 AT24 AT25 AT30 AT41 

G10Result: 9.06861
G10nrChm: 611
G10FB: AT13 AT14 AT19 AT22 AT24 AT25 AT30 AT41 

G11Result: 9.06861
G11nrChm: 667
G11FB: AT13 AT14 AT19 AT22 AT24 AT25 AT30 AT41 

G12Result: 9.06861
G12nrChm: 724
G12FB: AT13 AT14 AT19 AT22 AT24 AT25 AT30 AT41 

G13Result: 9.06861
G13nrChm: 770
G13FB: AT13 AT14 AT19 AT22 AT24 AT25 AT30 AT41 

G14Result: 9.06861
G14nrChm: 797
G14FB: AT13 AT14 AT19 AT22 AT24 AT25 AT30 AT41 

G15Result: 9.06861
G15nrChm: 839
G15FB: AT13 AT14 AT19 AT22 AT24 AT25 AT30 AT41 

G16Result: 9.06861
G16nrChm: 870
G16FB: AT13 AT14 AT19 AT22 AT24 AT25 AT30 AT41 

G17Result: 9.06861
G17nrChm: 921
G17FB: AT13 AT14 AT19 AT22 AT24 AT25 AT30 AT41 

G18Result: 9.06861
G18nrChm: 971
G18FB: AT13 AT14 AT19 AT22 AT24 AT25 AT30 AT41 

G19Result: 9.06861
G19nrChm: 1002
G19FB: AT13 AT14 AT19 AT22 AT24 AT25 AT30 AT41 

G20Result: 9.06861
G20nrChm: 1036
G20FB: AT13 AT14 AT19 AT22 AT24 AT25 AT30 AT41 

