G0Result: 6.91083
G0nrChm: 28
G0FB: AT14 AT19 AT24 AT25 AT30 AT33 

G1Result: 7.59859
G1nrChm: 124
G1FB: AT14 AT19 AT24 AT25 AT30 AT41 

G2Result: 7.59859
G2nrChm: 173
G2FB: AT14 AT19 AT24 AT25 AT30 AT41 

G3Result: 7.59859
G3nrChm: 229
G3FB: AT14 AT19 AT24 AT25 AT30 AT41 

G4Result: 7.59859
G4nrChm: 275
G4FB: AT14 AT19 AT24 AT25 AT30 AT41 

G5Result: 7.59859
G5nrChm: 324
G5FB: AT14 AT19 AT24 AT25 AT30 AT41 

G6Result: 7.59859
G6nrChm: 358
G6FB: AT14 AT19 AT24 AT25 AT30 AT41 

G7Result: 7.59859
G7nrChm: 382
G7FB: AT14 AT19 AT24 AT25 AT30 AT41 

G8Result: 7.59859
G8nrChm: 404
G8FB: AT14 AT19 AT24 AT25 AT30 AT41 

G9Result: 7.59859
G9nrChm: 439
G9FB: AT14 AT19 AT24 AT25 AT30 AT41 

G10Result: 7.59859
G10nrChm: 497
G10FB: AT14 AT19 AT24 AT25 AT30 AT41 

G11Result: 7.59859
G11nrChm: 522
G11FB: AT14 AT19 AT24 AT25 AT30 AT41 

G12Result: 7.59859
G12nrChm: 558
G12FB: AT14 AT19 AT24 AT25 AT30 AT41 

G13Result: 7.59859
G13nrChm: 581
G13FB: AT14 AT19 AT24 AT25 AT30 AT41 

G14Result: 7.59859
G14nrChm: 611
G14FB: AT14 AT19 AT24 AT25 AT30 AT41 

G15Result: 7.59859
G15nrChm: 633
G15FB: AT14 AT19 AT24 AT25 AT30 AT41 

G16Result: 7.59859
G16nrChm: 654
G16FB: AT14 AT19 AT24 AT25 AT30 AT41 

G17Result: 7.59859
G17nrChm: 672
G17FB: AT14 AT19 AT24 AT25 AT30 AT41 

G18Result: 7.59859
G18nrChm: 693
G18FB: AT14 AT19 AT24 AT25 AT30 AT41 

G19Result: 7.59859
G19nrChm: 714
G19FB: AT14 AT19 AT24 AT25 AT30 AT41 

G20Result: 7.59859
G20nrChm: 721
G20FB: AT14 AT19 AT24 AT25 AT30 AT41 

