G0Result: 5.66796
G0nrChm: 24
G0FB: AT14 AT24 AT25 AT30 

G1Result: 5.66796
G1nrChm: 76
G1FB: AT14 AT24 AT25 AT30 

G2Result: 5.66796
G2nrChm: 106
G2FB: AT14 AT24 AT25 AT30 

G3Result: 5.66796
G3nrChm: 138
G3FB: AT14 AT24 AT25 AT30 

G4Result: 5.66796
G4nrChm: 166
G4FB: AT14 AT24 AT25 AT30 

G5Result: 5.66796
G5nrChm: 180
G5FB: AT14 AT24 AT25 AT30 

G6Result: 5.66796
G6nrChm: 193
G6FB: AT14 AT24 AT25 AT30 

G7Result: 5.66796
G7nrChm: 215
G7FB: AT14 AT24 AT25 AT30 

G8Result: 5.66796
G8nrChm: 234
G8FB: AT14 AT24 AT25 AT30 

G9Result: 5.66796
G9nrChm: 241
G9FB: AT14 AT24 AT25 AT30 

G10Result: 5.66796
G10nrChm: 251
G10FB: AT14 AT24 AT25 AT30 

G11Result: 5.66796
G11nrChm: 263
G11FB: AT14 AT24 AT25 AT30 

G12Result: 5.66796
G12nrChm: 270
G12FB: AT14 AT24 AT25 AT30 

G13Result: 5.66796
G13nrChm: 282
G13FB: AT14 AT24 AT25 AT30 

G14Result: 5.66796
G14nrChm: 298
G14FB: AT14 AT24 AT25 AT30 

G15Result: 5.66796
G15nrChm: 325
G15FB: AT14 AT24 AT25 AT30 

G16Result: 5.66796
G16nrChm: 339
G16FB: AT14 AT24 AT25 AT30 

G17Result: 5.66796
G17nrChm: 349
G17FB: AT14 AT24 AT25 AT30 

G18Result: 5.66796
G18nrChm: 361
G18FB: AT14 AT24 AT25 AT30 

G19Result: 5.66796
G19nrChm: 375
G19FB: AT14 AT24 AT25 AT30 

G20Result: 5.66796
G20nrChm: 386
G20FB: AT14 AT24 AT25 AT30 

