AT8: 1 1280 1600
AT9: 1 23552 2944
AT10: 2 1330 2448
AT11: 1 384 2432
AT12: 2 1472 7296
AT13: 20 10661.2 15980
AT14: 177 96948.4 28338
AT15: 5 10944 3008
AT16: 12 25184 2976
AT17: 8 17000 3584
AT18: 43 71876.2 2432
AT19: 40 308064 8416
AT20: 20 17648 2304
AT21: 17 11282 20480
AT22: 23 285600 3648
AT23: 100 83678.1 7215
AT24: 75 455234 2736
AT25: 158 1.88463e+06 29459.5
AT26: 29 11298 3280
AT27: 14 9315 7621
AT28: 6 28520 2144
AT29: 6 22656 17408
AT30: 180 1.27661e+06 8618.88
AT31: 3 16640 15872
AT32: 10 79460 2320
AT33: 15 362580 10848
AT34: 1 224 672
AT36: 3 4048 9312
AT37: 8 2842 6096
AT38: 1 8192 6144
AT41: 28 153757 2732
AT44: 1 2080 14608
NULL: 397 0 25946.1
