G0Result: 7.79567
G0nrChm: 29
G0FB: AT13 AT18 AT20 AT22 AT23 AT24 AT25 AT27 AT28 AT32 AT35 

G1Result: 9.09342
G1nrChm: 277
G1FB: AT13 AT18 AT20 AT22 AT24 AT25 AT26 AT27 AT28 AT30 AT35 

G2Result: 9.09342
G2nrChm: 338
G2FB: AT13 AT18 AT20 AT22 AT24 AT25 AT26 AT27 AT28 AT30 AT35 

G3Result: 9.09342
G3nrChm: 510
G3FB: AT13 AT18 AT20 AT22 AT24 AT25 AT26 AT27 AT28 AT30 AT35 

G4Result: 9.09342
G4nrChm: 588
G4FB: AT13 AT18 AT20 AT22 AT24 AT25 AT26 AT27 AT28 AT30 AT35 

G5Result: 9.09342
G5nrChm: 703
G5FB: AT13 AT18 AT20 AT22 AT24 AT25 AT26 AT27 AT28 AT30 AT35 

G6Result: 9.09342
G6nrChm: 771
G6FB: AT13 AT18 AT20 AT22 AT24 AT25 AT26 AT27 AT28 AT30 AT35 

G7Result: 9.09342
G7nrChm: 878
G7FB: AT13 AT18 AT20 AT22 AT24 AT25 AT26 AT27 AT28 AT30 AT35 

G8Result: 9.09342
G8nrChm: 976
G8FB: AT13 AT18 AT20 AT22 AT24 AT25 AT26 AT27 AT28 AT30 AT35 

G9Result: 9.09342
G9nrChm: 1074
G9FB: AT13 AT18 AT20 AT22 AT24 AT25 AT26 AT27 AT28 AT30 AT35 

G10Result: 9.09342
G10nrChm: 1188
G10FB: AT13 AT18 AT20 AT22 AT24 AT25 AT26 AT27 AT28 AT30 AT35 

G11Result: 9.09342
G11nrChm: 1274
G11FB: AT13 AT18 AT20 AT22 AT24 AT25 AT26 AT27 AT28 AT30 AT35 

G12Result: 9.09342
G12nrChm: 1411
G12FB: AT13 AT18 AT20 AT22 AT24 AT25 AT26 AT27 AT28 AT30 AT35 

G13Result: 9.09342
G13nrChm: 1502
G13FB: AT13 AT18 AT20 AT22 AT24 AT25 AT26 AT27 AT28 AT30 AT35 

G14Result: 9.09342
G14nrChm: 1583
G14FB: AT13 AT18 AT20 AT22 AT24 AT25 AT26 AT27 AT28 AT30 AT35 

G15Result: 9.09342
G15nrChm: 1692
G15FB: AT13 AT18 AT20 AT22 AT24 AT25 AT26 AT27 AT28 AT30 AT35 

G16Result: 9.09342
G16nrChm: 1771
G16FB: AT13 AT18 AT20 AT22 AT24 AT25 AT26 AT27 AT28 AT30 AT35 

G17Result: 9.09342
G17nrChm: 1908
G17FB: AT13 AT18 AT20 AT22 AT24 AT25 AT26 AT27 AT28 AT30 AT35 

G18Result: 9.09342
G18nrChm: 1969
G18FB: AT13 AT18 AT20 AT22 AT24 AT25 AT26 AT27 AT28 AT30 AT35 

G19Result: 9.09342
G19nrChm: 2061
G19FB: AT13 AT18 AT20 AT22 AT24 AT25 AT26 AT27 AT28 AT30 AT35 

G20Result: 9.09342
G20nrChm: 2129
G20FB: AT13 AT18 AT20 AT22 AT24 AT25 AT26 AT27 AT28 AT30 AT35 

