G0Result: 1.65449
G0nrChm: 26
G0FB: AT25 AT28 

G1Result: 1.68525
G1nrChm: 70
G1FB: AT18 AT25 

G2Result: 1.68525
G2nrChm: 91
G2FB: AT18 AT25 

G3Result: 1.68525
G3nrChm: 108
G3FB: AT18 AT25 

G4Result: 1.68525
G4nrChm: 120
G4FB: AT18 AT25 

G5Result: 1.68525
G5nrChm: 127
G5FB: AT18 AT25 

G6Result: 1.68525
G6nrChm: 137
G6FB: AT18 AT25 

G7Result: 1.68525
G7nrChm: 142
G7FB: AT18 AT25 

G8Result: 1.68525
G8nrChm: 149
G8FB: AT18 AT25 

G9Result: 1.68525
G9nrChm: 152
G9FB: AT18 AT25 

G10Result: 1.68525
G10nrChm: 157
G10FB: AT18 AT25 

G11Result: 1.68525
G11nrChm: 164
G11FB: AT18 AT25 

G12Result: 1.68525
G12nrChm: 171
G12FB: AT18 AT25 

G13Result: 1.68525
G13nrChm: 177
G13FB: AT18 AT25 

G14Result: 1.68525
G14nrChm: 183
G14FB: AT18 AT25 

G15Result: 1.68525
G15nrChm: 186
G15FB: AT18 AT25 

G16Result: 1.68525
G16nrChm: 192
G16FB: AT18 AT25 

G17Result: 1.68525
G17nrChm: 197
G17FB: AT18 AT25 

G18Result: 1.68525
G18nrChm: 201
G18FB: AT18 AT25 

G19Result: 1.68525
G19nrChm: 206
G19FB: AT18 AT25 

G20Result: 1.68525
G20nrChm: 207
G20FB: AT18 AT25 

