G0Result: 2.02234
G0nrChm: 26
G0FB: AT20 AT25 AT27 

G1Result: 2.13186
G1nrChm: 116
G1FB: AT18 AT22 AT25 

G2Result: 2.13186
G2nrChm: 143
G2FB: AT18 AT22 AT25 

G3Result: 2.13186
G3nrChm: 174
G3FB: AT18 AT22 AT25 

G4Result: 2.13186
G4nrChm: 211
G4FB: AT18 AT22 AT25 

G5Result: 2.13186
G5nrChm: 237
G5FB: AT18 AT22 AT25 

G6Result: 2.13186
G6nrChm: 264
G6FB: AT18 AT22 AT25 

G7Result: 2.13186
G7nrChm: 297
G7FB: AT18 AT22 AT25 

G8Result: 2.13186
G8nrChm: 326
G8FB: AT18 AT22 AT25 

G9Result: 2.13186
G9nrChm: 353
G9FB: AT18 AT22 AT25 

G10Result: 2.13186
G10nrChm: 370
G10FB: AT18 AT22 AT25 

G11Result: 2.13186
G11nrChm: 400
G11FB: AT18 AT22 AT25 

G12Result: 2.13186
G12nrChm: 416
G12FB: AT18 AT22 AT25 

G13Result: 2.13186
G13nrChm: 434
G13FB: AT18 AT22 AT25 

G14Result: 2.13186
G14nrChm: 453
G14FB: AT18 AT22 AT25 

G15Result: 2.13186
G15nrChm: 471
G15FB: AT18 AT22 AT25 

G16Result: 2.13186
G16nrChm: 487
G16FB: AT18 AT22 AT25 

G17Result: 2.13186
G17nrChm: 504
G17FB: AT18 AT22 AT25 

G18Result: 2.13186
G18nrChm: 510
G18FB: AT18 AT22 AT25 

G19Result: 2.13186
G19nrChm: 527
G19FB: AT18 AT22 AT25 

G20Result: 2.13186
G20nrChm: 545
G20FB: AT18 AT22 AT25 

