G0Result: 4.33961
G0nrChm: 30
G0FB: AT13 AT18 AT20 AT22 AT25 AT27 AT28 

G1Result: 4.33961
G1nrChm: 197
G1FB: AT13 AT18 AT20 AT22 AT25 AT27 AT28 

G2Result: 4.33961
G2nrChm: 271
G2FB: AT13 AT18 AT20 AT22 AT25 AT27 AT28 

G3Result: 4.33961
G3nrChm: 374
G3FB: AT13 AT18 AT20 AT22 AT25 AT27 AT28 

G4Result: 4.33961
G4nrChm: 420
G4FB: AT13 AT18 AT20 AT22 AT25 AT27 AT28 

G5Result: 4.33961
G5nrChm: 528
G5FB: AT13 AT18 AT20 AT22 AT25 AT27 AT28 

G6Result: 4.33961
G6nrChm: 593
G6FB: AT13 AT18 AT20 AT22 AT25 AT27 AT28 

G7Result: 4.33961
G7nrChm: 670
G7FB: AT13 AT18 AT20 AT22 AT25 AT27 AT28 

G8Result: 4.33961
G8nrChm: 751
G8FB: AT13 AT18 AT20 AT22 AT25 AT27 AT28 

G9Result: 4.33961
G9nrChm: 826
G9FB: AT13 AT18 AT20 AT22 AT25 AT27 AT28 

G10Result: 4.87482
G10nrChm: 910
G10FB: AT13 AT18 AT22 AT25 AT26 AT28 AT35 

G11Result: 4.87482
G11nrChm: 985
G11FB: AT13 AT18 AT22 AT25 AT26 AT28 AT35 

G12Result: 4.87482
G12nrChm: 1041
G12FB: AT13 AT18 AT22 AT25 AT26 AT28 AT35 

G13Result: 4.87482
G13nrChm: 1119
G13FB: AT13 AT18 AT22 AT25 AT26 AT28 AT35 

G14Result: 4.87482
G14nrChm: 1190
G14FB: AT13 AT18 AT22 AT25 AT26 AT28 AT35 

G15Result: 4.87482
G15nrChm: 1253
G15FB: AT13 AT18 AT22 AT25 AT26 AT28 AT35 

G16Result: 4.87482
G16nrChm: 1335
G16FB: AT13 AT18 AT22 AT25 AT26 AT28 AT35 

G17Result: 4.87482
G17nrChm: 1412
G17FB: AT13 AT18 AT22 AT25 AT26 AT28 AT35 

G18Result: 4.87482
G18nrChm: 1488
G18FB: AT13 AT18 AT22 AT25 AT26 AT28 AT35 

G19Result: 4.87482
G19nrChm: 1536
G19FB: AT13 AT18 AT22 AT25 AT26 AT28 AT35 

G20Result: 4.87482
G20nrChm: 1636
G20FB: AT13 AT18 AT22 AT25 AT26 AT28 AT35 

