G0Result: 5.04017
G0nrChm: 30
G0FB: AT13 AT18 AT20 AT22 AT25 AT27 AT28 AT30 

G1Result: 5.29954
G1nrChm: 222
G1FB: AT13 AT18 AT20 AT22 AT25 AT27 AT28 AT35 

G2Result: 5.29954
G2nrChm: 279
G2FB: AT13 AT18 AT20 AT22 AT25 AT27 AT28 AT35 

G3Result: 5.29954
G3nrChm: 382
G3FB: AT13 AT18 AT20 AT22 AT25 AT27 AT28 AT35 

G4Result: 5.29954
G4nrChm: 484
G4FB: AT13 AT18 AT20 AT22 AT25 AT27 AT28 AT35 

G5Result: 5.29954
G5nrChm: 578
G5FB: AT13 AT18 AT20 AT22 AT25 AT27 AT28 AT35 

G6Result: 5.29954
G6nrChm: 668
G6FB: AT13 AT18 AT20 AT22 AT25 AT27 AT28 AT35 

G7Result: 5.29954
G7nrChm: 745
G7FB: AT13 AT18 AT20 AT22 AT25 AT27 AT28 AT35 

G8Result: 5.37138
G8nrChm: 857
G8FB: AT13 AT18 AT22 AT25 AT26 AT27 AT28 AT35 

G9Result: 5.37138
G9nrChm: 945
G9FB: AT13 AT18 AT22 AT25 AT26 AT27 AT28 AT35 

G10Result: 5.37138
G10nrChm: 1040
G10FB: AT13 AT18 AT22 AT25 AT26 AT27 AT28 AT35 

G11Result: 5.37138
G11nrChm: 1115
G11FB: AT13 AT18 AT22 AT25 AT26 AT27 AT28 AT35 

G12Result: 5.37138
G12nrChm: 1234
G12FB: AT13 AT18 AT22 AT25 AT26 AT27 AT28 AT35 

G13Result: 5.37138
G13nrChm: 1289
G13FB: AT13 AT18 AT22 AT25 AT26 AT27 AT28 AT35 

G14Result: 5.37138
G14nrChm: 1369
G14FB: AT13 AT18 AT22 AT25 AT26 AT27 AT28 AT35 

G15Result: 5.37138
G15nrChm: 1453
G15FB: AT13 AT18 AT22 AT25 AT26 AT27 AT28 AT35 

G16Result: 5.37138
G16nrChm: 1522
G16FB: AT13 AT18 AT22 AT25 AT26 AT27 AT28 AT35 

G17Result: 5.37138
G17nrChm: 1605
G17FB: AT13 AT18 AT22 AT25 AT26 AT27 AT28 AT35 

G18Result: 5.37138
G18nrChm: 1662
G18FB: AT13 AT18 AT22 AT25 AT26 AT27 AT28 AT35 

G19Result: 5.37138
G19nrChm: 1748
G19FB: AT13 AT18 AT22 AT25 AT26 AT27 AT28 AT35 

G20Result: 5.37138
G20nrChm: 1842
G20FB: AT13 AT18 AT22 AT25 AT26 AT27 AT28 AT35 

