G0Result: 3.5403
G0nrChm: 30
G0FB: AT13 AT20 AT25 AT27 AT28 AT35 

G1Result: 3.5943
G1nrChm: 194
G1FB: AT18 AT20 AT22 AT25 AT27 AT28 

G2Result: 3.5943
G2nrChm: 243
G2FB: AT18 AT20 AT22 AT25 AT27 AT28 

G3Result: 3.5943
G3nrChm: 345
G3FB: AT18 AT20 AT22 AT25 AT27 AT28 

G4Result: 3.71968
G4nrChm: 397
G4FB: AT13 AT18 AT22 AT24 AT25 AT28 

G5Result: 3.71968
G5nrChm: 487
G5FB: AT13 AT18 AT22 AT24 AT25 AT28 

G6Result: 3.71968
G6nrChm: 565
G6FB: AT13 AT18 AT22 AT24 AT25 AT28 

G7Result: 3.71968
G7nrChm: 657
G7FB: AT13 AT18 AT22 AT24 AT25 AT28 

G8Result: 3.71968
G8nrChm: 702
G8FB: AT13 AT18 AT22 AT24 AT25 AT28 

G9Result: 3.71968
G9nrChm: 808
G9FB: AT13 AT18 AT22 AT24 AT25 AT28 

G10Result: 3.71968
G10nrChm: 871
G10FB: AT13 AT18 AT22 AT24 AT25 AT28 

G11Result: 3.71968
G11nrChm: 943
G11FB: AT13 AT18 AT22 AT24 AT25 AT28 

G12Result: 3.71968
G12nrChm: 997
G12FB: AT13 AT18 AT22 AT24 AT25 AT28 

G13Result: 3.71968
G13nrChm: 1077
G13FB: AT13 AT18 AT22 AT24 AT25 AT28 

G14Result: 3.71968
G14nrChm: 1126
G14FB: AT13 AT18 AT22 AT24 AT25 AT28 

G15Result: 3.90445
G15nrChm: 1193
G15FB: AT13 AT18 AT22 AT25 AT28 AT35 

G16Result: 3.90445
G16nrChm: 1275
G16FB: AT13 AT18 AT22 AT25 AT28 AT35 

G17Result: 3.90445
G17nrChm: 1331
G17FB: AT13 AT18 AT22 AT25 AT28 AT35 

G18Result: 3.90445
G18nrChm: 1411
G18FB: AT13 AT18 AT22 AT25 AT28 AT35 

G19Result: 3.90445
G19nrChm: 1476
G19FB: AT13 AT18 AT22 AT25 AT28 AT35 

G20Result: 3.90445
G20nrChm: 1539
G20FB: AT13 AT18 AT22 AT25 AT28 AT35 

