G0Result: 5.46312
G0nrChm: 30
G0FB: AT13 AT15 AT18 AT20 AT22 AT24 AT25 AT27 AT28 

G1Result: 6.41121
G1nrChm: 298
G1FB: AT13 AT18 AT20 AT22 AT25 AT26 AT27 AT28 AT35 

G2Result: 6.41121
G2nrChm: 347
G2FB: AT13 AT18 AT20 AT22 AT25 AT26 AT27 AT28 AT35 

G3Result: 6.41121
G3nrChm: 443
G3FB: AT13 AT18 AT20 AT22 AT25 AT26 AT27 AT28 AT35 

G4Result: 6.41121
G4nrChm: 544
G4FB: AT13 AT18 AT20 AT22 AT25 AT26 AT27 AT28 AT35 

G5Result: 6.41121
G5nrChm: 634
G5FB: AT13 AT18 AT20 AT22 AT25 AT26 AT27 AT28 AT35 

G6Result: 6.41121
G6nrChm: 725
G6FB: AT13 AT18 AT20 AT22 AT25 AT26 AT27 AT28 AT35 

G7Result: 6.41121
G7nrChm: 787
G7FB: AT13 AT18 AT20 AT22 AT25 AT26 AT27 AT28 AT35 

G8Result: 6.41121
G8nrChm: 939
G8FB: AT13 AT18 AT20 AT22 AT25 AT26 AT27 AT28 AT35 

G9Result: 6.41121
G9nrChm: 998
G9FB: AT13 AT18 AT20 AT22 AT25 AT26 AT27 AT28 AT35 

G10Result: 6.41121
G10nrChm: 1082
G10FB: AT13 AT18 AT20 AT22 AT25 AT26 AT27 AT28 AT35 

G11Result: 6.41121
G11nrChm: 1180
G11FB: AT13 AT18 AT20 AT22 AT25 AT26 AT27 AT28 AT35 

G12Result: 6.41121
G12nrChm: 1240
G12FB: AT13 AT18 AT20 AT22 AT25 AT26 AT27 AT28 AT35 

G13Result: 6.41121
G13nrChm: 1310
G13FB: AT13 AT18 AT20 AT22 AT25 AT26 AT27 AT28 AT35 

G14Result: 6.41121
G14nrChm: 1408
G14FB: AT13 AT18 AT20 AT22 AT25 AT26 AT27 AT28 AT35 

G15Result: 6.41121
G15nrChm: 1466
G15FB: AT13 AT18 AT20 AT22 AT25 AT26 AT27 AT28 AT35 

G16Result: 6.41121
G16nrChm: 1551
G16FB: AT13 AT18 AT20 AT22 AT25 AT26 AT27 AT28 AT35 

G17Result: 6.41121
G17nrChm: 1631
G17FB: AT13 AT18 AT20 AT22 AT25 AT26 AT27 AT28 AT35 

G18Result: 6.41121
G18nrChm: 1676
G18FB: AT13 AT18 AT20 AT22 AT25 AT26 AT27 AT28 AT35 

G19Result: 6.41121
G19nrChm: 1771
G19FB: AT13 AT18 AT20 AT22 AT25 AT26 AT27 AT28 AT35 

G20Result: 6.41121
G20nrChm: 1855
G20FB: AT13 AT18 AT20 AT22 AT25 AT26 AT27 AT28 AT35 

