G0Result: 2.94475
G0nrChm: 30
G0FB: AT20 AT23 AT25 AT27 AT28 

G1Result: 3.06129
G1nrChm: 177
G1FB: AT18 AT20 AT25 AT27 AT28 

G2Result: 3.06129
G2nrChm: 227
G2FB: AT18 AT20 AT25 AT27 AT28 

G3Result: 3.23861
G3nrChm: 290
G3FB: AT13 AT18 AT22 AT25 AT28 

G4Result: 3.23861
G4nrChm: 376
G4FB: AT13 AT18 AT22 AT25 AT28 

G5Result: 3.23861
G5nrChm: 433
G5FB: AT13 AT18 AT22 AT25 AT28 

G6Result: 3.23861
G6nrChm: 516
G6FB: AT13 AT18 AT22 AT25 AT28 

G7Result: 3.23861
G7nrChm: 558
G7FB: AT13 AT18 AT22 AT25 AT28 

G8Result: 3.23861
G8nrChm: 639
G8FB: AT13 AT18 AT22 AT25 AT28 

G9Result: 3.23861
G9nrChm: 704
G9FB: AT13 AT18 AT22 AT25 AT28 

G10Result: 3.23861
G10nrChm: 757
G10FB: AT13 AT18 AT22 AT25 AT28 

G11Result: 3.23861
G11nrChm: 789
G11FB: AT13 AT18 AT22 AT25 AT28 

G12Result: 3.23861
G12nrChm: 827
G12FB: AT13 AT18 AT22 AT25 AT28 

G13Result: 3.23861
G13nrChm: 901
G13FB: AT13 AT18 AT22 AT25 AT28 

G14Result: 3.23861
G14nrChm: 958
G14FB: AT13 AT18 AT22 AT25 AT28 

G15Result: 3.23861
G15nrChm: 994
G15FB: AT13 AT18 AT22 AT25 AT28 

G16Result: 3.23861
G16nrChm: 1061
G16FB: AT13 AT18 AT22 AT25 AT28 

G17Result: 3.23861
G17nrChm: 1126
G17FB: AT13 AT18 AT22 AT25 AT28 

G18Result: 3.23861
G18nrChm: 1178
G18FB: AT13 AT18 AT22 AT25 AT28 

G19Result: 3.23861
G19nrChm: 1222
G19FB: AT13 AT18 AT22 AT25 AT28 

G20Result: 3.23861
G20nrChm: 1267
G20FB: AT13 AT18 AT22 AT25 AT28 

