G0Result: 6.50539
G0nrChm: 30
G0FB: AT13 AT18 AT19 AT20 AT24 AT25 AT26 AT27 AT28 AT35 

G1Result: 7.81511
G1nrChm: 281
G1FB: AT13 AT18 AT20 AT22 AT25 AT26 AT27 AT28 AT30 AT35 

G2Result: 7.81511
G2nrChm: 343
G2FB: AT13 AT18 AT20 AT22 AT25 AT26 AT27 AT28 AT30 AT35 

G3Result: 7.81511
G3nrChm: 479
G3FB: AT13 AT18 AT20 AT22 AT25 AT26 AT27 AT28 AT30 AT35 

G4Result: 7.81511
G4nrChm: 544
G4FB: AT13 AT18 AT20 AT22 AT25 AT26 AT27 AT28 AT30 AT35 

G5Result: 7.81511
G5nrChm: 653
G5FB: AT13 AT18 AT20 AT22 AT25 AT26 AT27 AT28 AT30 AT35 

G6Result: 7.81511
G6nrChm: 727
G6FB: AT13 AT18 AT20 AT22 AT25 AT26 AT27 AT28 AT30 AT35 

G7Result: 7.81511
G7nrChm: 828
G7FB: AT13 AT18 AT20 AT22 AT25 AT26 AT27 AT28 AT30 AT35 

G8Result: 7.81511
G8nrChm: 927
G8FB: AT13 AT18 AT20 AT22 AT25 AT26 AT27 AT28 AT30 AT35 

G9Result: 7.81511
G9nrChm: 998
G9FB: AT13 AT18 AT20 AT22 AT25 AT26 AT27 AT28 AT30 AT35 

G10Result: 7.81511
G10nrChm: 1057
G10FB: AT13 AT18 AT20 AT22 AT25 AT26 AT27 AT28 AT30 AT35 

G11Result: 7.81511
G11nrChm: 1151
G11FB: AT13 AT18 AT20 AT22 AT25 AT26 AT27 AT28 AT30 AT35 

G12Result: 7.81511
G12nrChm: 1225
G12FB: AT13 AT18 AT20 AT22 AT25 AT26 AT27 AT28 AT30 AT35 

G13Result: 7.81511
G13nrChm: 1334
G13FB: AT13 AT18 AT20 AT22 AT25 AT26 AT27 AT28 AT30 AT35 

G14Result: 7.81511
G14nrChm: 1413
G14FB: AT13 AT18 AT20 AT22 AT25 AT26 AT27 AT28 AT30 AT35 

G15Result: 7.81511
G15nrChm: 1486
G15FB: AT13 AT18 AT20 AT22 AT25 AT26 AT27 AT28 AT30 AT35 

G16Result: 7.81511
G16nrChm: 1585
G16FB: AT13 AT18 AT20 AT22 AT25 AT26 AT27 AT28 AT30 AT35 

G17Result: 7.81511
G17nrChm: 1631
G17FB: AT13 AT18 AT20 AT22 AT25 AT26 AT27 AT28 AT30 AT35 

G18Result: 7.81511
G18nrChm: 1722
G18FB: AT13 AT18 AT20 AT22 AT25 AT26 AT27 AT28 AT30 AT35 

G19Result: 7.81511
G19nrChm: 1775
G19FB: AT13 AT18 AT20 AT22 AT25 AT26 AT27 AT28 AT30 AT35 

G20Result: 7.81511
G20nrChm: 1887
G20FB: AT13 AT18 AT20 AT22 AT25 AT26 AT27 AT28 AT30 AT35 

