G0Result: 2.34816
G0nrChm: 29
G0FB: AT18 AT20 AT22 AT25 

G1Result: 2.62435
G1nrChm: 138
G1FB: AT20 AT25 AT27 AT28 

G2Result: 2.62435
G2nrChm: 198
G2FB: AT20 AT25 AT27 AT28 

G3Result: 2.62435
G3nrChm: 261
G3FB: AT20 AT25 AT27 AT28 

G4Result: 2.62435
G4nrChm: 329
G4FB: AT20 AT25 AT27 AT28 

G5Result: 2.62435
G5nrChm: 384
G5FB: AT20 AT25 AT27 AT28 

G6Result: 2.62435
G6nrChm: 431
G6FB: AT20 AT25 AT27 AT28 

G7Result: 2.62435
G7nrChm: 478
G7FB: AT20 AT25 AT27 AT28 

G8Result: 2.62435
G8nrChm: 508
G8FB: AT20 AT25 AT27 AT28 

G9Result: 2.62435
G9nrChm: 545
G9FB: AT20 AT25 AT27 AT28 

G10Result: 2.62435
G10nrChm: 601
G10FB: AT20 AT25 AT27 AT28 

G11Result: 2.62435
G11nrChm: 650
G11FB: AT20 AT25 AT27 AT28 

G12Result: 2.62435
G12nrChm: 688
G12FB: AT20 AT25 AT27 AT28 

G13Result: 2.62435
G13nrChm: 716
G13FB: AT20 AT25 AT27 AT28 

G14Result: 2.62435
G14nrChm: 753
G14FB: AT20 AT25 AT27 AT28 

G15Result: 2.62435
G15nrChm: 786
G15FB: AT20 AT25 AT27 AT28 

G16Result: 2.62435
G16nrChm: 820
G16FB: AT20 AT25 AT27 AT28 

G17Result: 2.62435
G17nrChm: 869
G17FB: AT20 AT25 AT27 AT28 

G18Result: 2.62435
G18nrChm: 915
G18FB: AT20 AT25 AT27 AT28 

G19Result: 2.62435
G19nrChm: 967
G19FB: AT20 AT25 AT27 AT28 

G20Result: 2.62435
G20nrChm: 992
G20FB: AT20 AT25 AT27 AT28 

