G0Result: 2.72548
G0nrChm: 12
G0FB: CustomConvolution 

G1Result: 2.72548
G1nrChm: 35
G1FB: CustomConvolution 

G2Result: 2.72548
G2nrChm: 35
G2FB: CustomConvolution 

G3Result: 2.72548
G3nrChm: 35
G3FB: CustomConvolution 

G4Result: 2.72548
G4nrChm: 35
G4FB: CustomConvolution 

G5Result: 2.72548
G5nrChm: 35
G5FB: CustomConvolution 

G6Result: 2.72548
G6nrChm: 35
G6FB: CustomConvolution 

G7Result: 2.72548
G7nrChm: 35
G7FB: CustomConvolution 

G8Result: 2.72548
G8nrChm: 35
G8FB: CustomConvolution 

G9Result: 2.72548
G9nrChm: 35
G9FB: CustomConvolution 

G10Result: 2.72548
G10nrChm: 35
G10FB: CustomConvolution 

G11Result: 2.72548
G11nrChm: 35
G11FB: CustomConvolution 

G12Result: 2.72548
G12nrChm: 35
G12FB: CustomConvolution 

G13Result: 2.72548
G13nrChm: 35
G13FB: CustomConvolution 

G14Result: 2.72548
G14nrChm: 35
G14FB: CustomConvolution 

G15Result: 2.72548
G15nrChm: 35
G15FB: CustomConvolution 

G16Result: 2.72548
G16nrChm: 35
G16FB: CustomConvolution 

G17Result: 2.72548
G17nrChm: 35
G17FB: CustomConvolution 

G18Result: 2.72548
G18nrChm: 35
G18FB: CustomConvolution 

G19Result: 2.72548
G19nrChm: 35
G19FB: CustomConvolution 

G20Result: 2.72548
G20nrChm: 35
G20FB: CustomConvolution 

