G0Result: 2.30372
G0nrChm: 21
G0FB: AT21 AT22 

G1Result: 2.30372
G1nrChm: 46
G1FB: AT21 AT22 

G2Result: 2.30372
G2nrChm: 51
G2FB: AT21 AT22 

G3Result: 2.30372
G3nrChm: 57
G3FB: AT21 AT22 

G4Result: 2.30372
G4nrChm: 68
G4FB: AT21 AT22 

G5Result: 2.30372
G5nrChm: 73
G5FB: AT21 AT22 

G6Result: 2.30372
G6nrChm: 80
G6FB: AT21 AT22 

G7Result: 2.30372
G7nrChm: 85
G7FB: AT21 AT22 

G8Result: 2.30372
G8nrChm: 89
G8FB: AT21 AT22 

G9Result: 2.30372
G9nrChm: 95
G9FB: AT21 AT22 

G10Result: 2.30372
G10nrChm: 102
G10FB: AT21 AT22 

G11Result: 2.30372
G11nrChm: 106
G11FB: AT21 AT22 

G12Result: 2.30372
G12nrChm: 108
G12FB: AT21 AT22 

G13Result: 2.30372
G13nrChm: 112
G13FB: AT21 AT22 

G14Result: 2.30372
G14nrChm: 122
G14FB: AT21 AT22 

G15Result: 2.30372
G15nrChm: 126
G15FB: AT21 AT22 

G16Result: 2.30372
G16nrChm: 130
G16FB: AT21 AT22 

G17Result: 2.30372
G17nrChm: 133
G17FB: AT21 AT22 

G18Result: 2.30372
G18nrChm: 134
G18FB: AT21 AT22 

G19Result: 2.30372
G19nrChm: 134
G19FB: AT21 AT22 

G20Result: 2.30372
G20nrChm: 137
G20FB: AT21 AT22 

