G0Result: 4.3909
G0nrChm: 30
G0FB: AT18 AT20 AT21 AT22 AT23 AT24 AT26 AT44 

G1Result: 4.67155
G1nrChm: 188
G1FB: AT15 AT18 AT20 AT21 AT22 AT23 AT24 AT44 

G2Result: 4.67155
G2nrChm: 262
G2FB: AT15 AT18 AT20 AT21 AT22 AT23 AT24 AT44 

G3Result: 4.67155
G3nrChm: 324
G3FB: AT15 AT18 AT20 AT21 AT22 AT23 AT24 AT44 

G4Result: 4.67155
G4nrChm: 395
G4FB: AT15 AT18 AT20 AT21 AT22 AT23 AT24 AT44 

G5Result: 4.67155
G5nrChm: 448
G5FB: AT15 AT18 AT20 AT21 AT22 AT23 AT24 AT44 

G6Result: 4.67155
G6nrChm: 523
G6FB: AT15 AT18 AT20 AT21 AT22 AT23 AT24 AT44 

G7Result: 4.67155
G7nrChm: 580
G7FB: AT15 AT18 AT20 AT21 AT22 AT23 AT24 AT44 

G8Result: 4.67155
G8nrChm: 671
G8FB: AT15 AT18 AT20 AT21 AT22 AT23 AT24 AT44 

G9Result: 4.67155
G9nrChm: 719
G9FB: AT15 AT18 AT20 AT21 AT22 AT23 AT24 AT44 

G10Result: 4.67155
G10nrChm: 798
G10FB: AT15 AT18 AT20 AT21 AT22 AT23 AT24 AT44 

G11Result: 4.67155
G11nrChm: 851
G11FB: AT15 AT18 AT20 AT21 AT22 AT23 AT24 AT44 

G12Result: 4.67155
G12nrChm: 926
G12FB: AT15 AT18 AT20 AT21 AT22 AT23 AT24 AT44 

G13Result: 4.67155
G13nrChm: 961
G13FB: AT15 AT18 AT20 AT21 AT22 AT23 AT24 AT44 

G14Result: 4.67155
G14nrChm: 1036
G14FB: AT15 AT18 AT20 AT21 AT22 AT23 AT24 AT44 

G15Result: 4.67155
G15nrChm: 1103
G15FB: AT15 AT18 AT20 AT21 AT22 AT23 AT24 AT44 

G16Result: 4.67155
G16nrChm: 1152
G16FB: AT15 AT18 AT20 AT21 AT22 AT23 AT24 AT44 

G17Result: 4.67155
G17nrChm: 1198
G17FB: AT15 AT18 AT20 AT21 AT22 AT23 AT24 AT44 

G18Result: 4.67155
G18nrChm: 1266
G18FB: AT15 AT18 AT20 AT21 AT22 AT23 AT24 AT44 

G19Result: 4.67155
G19nrChm: 1299
G19FB: AT15 AT18 AT20 AT21 AT22 AT23 AT24 AT44 

G20Result: 4.67155
G20nrChm: 1358
G20FB: AT15 AT18 AT20 AT21 AT22 AT23 AT24 AT44 

