G0Result: 4.57909
G0nrChm: 29
G0FB: AT13 AT14 AT15 AT18 AT20 AT21 AT22 AT23 AT24 AT26 AT34 AT37 AT8 AT9 

G1Result: 4.87288
G1nrChm: 348
G1FB: AT15 AT18 AT20 AT21 AT22 AT23 AT24 AT26 AT28 AT31 AT34 AT37 AT44 AT9 

G2Result: 4.87288
G2nrChm: 434
G2FB: AT15 AT18 AT20 AT21 AT22 AT23 AT24 AT26 AT28 AT31 AT34 AT37 AT44 AT9 

G3Result: 4.88414
G3nrChm: 582
G3FB: AT15 AT16 AT18 AT2 AT20 AT21 AT22 AT23 AT24 AT26 AT28 AT34 AT44 AT9 

G4Result: 4.88414
G4nrChm: 720
G4FB: AT15 AT16 AT18 AT2 AT20 AT21 AT22 AT23 AT24 AT26 AT28 AT34 AT44 AT9 

G5Result: 4.88414
G5nrChm: 837
G5FB: AT15 AT16 AT18 AT2 AT20 AT21 AT22 AT23 AT24 AT26 AT28 AT34 AT44 AT9 

G6Result: 4.88414
G6nrChm: 981
G6FB: AT15 AT16 AT18 AT2 AT20 AT21 AT22 AT23 AT24 AT26 AT28 AT34 AT44 AT9 

G7Result: 4.90725
G7nrChm: 1108
G7FB: AT15 AT16 AT18 AT20 AT21 AT22 AT23 AT24 AT26 AT28 AT34 AT37 AT44 AT9 

G8Result: 4.90725
G8nrChm: 1209
G8FB: AT15 AT16 AT18 AT20 AT21 AT22 AT23 AT24 AT26 AT28 AT34 AT37 AT44 AT9 

G9Result: 4.90725
G9nrChm: 1282
G9FB: AT15 AT16 AT18 AT20 AT21 AT22 AT23 AT24 AT26 AT28 AT34 AT37 AT44 AT9 

G10Result: 4.90725
G10nrChm: 1370
G10FB: AT15 AT16 AT18 AT20 AT21 AT22 AT23 AT24 AT26 AT28 AT34 AT37 AT44 AT9 

G11Result: 4.90725
G11nrChm: 1492
G11FB: AT15 AT16 AT18 AT20 AT21 AT22 AT23 AT24 AT26 AT28 AT34 AT37 AT44 AT9 

G12Result: 4.90725
G12nrChm: 1578
G12FB: AT15 AT16 AT18 AT20 AT21 AT22 AT23 AT24 AT26 AT28 AT34 AT37 AT44 AT9 

G13Result: 4.90725
G13nrChm: 1682
G13FB: AT15 AT16 AT18 AT20 AT21 AT22 AT23 AT24 AT26 AT28 AT34 AT37 AT44 AT9 

G14Result: 4.90725
G14nrChm: 1825
G14FB: AT15 AT16 AT18 AT20 AT21 AT22 AT23 AT24 AT26 AT28 AT34 AT37 AT44 AT9 

G15Result: 4.90725
G15nrChm: 1937
G15FB: AT15 AT16 AT18 AT20 AT21 AT22 AT23 AT24 AT26 AT28 AT34 AT37 AT44 AT9 

G16Result: 4.90725
G16nrChm: 2052
G16FB: AT15 AT16 AT18 AT20 AT21 AT22 AT23 AT24 AT26 AT28 AT34 AT37 AT44 AT9 

G17Result: 4.90725
G17nrChm: 2131
G17FB: AT15 AT16 AT18 AT20 AT21 AT22 AT23 AT24 AT26 AT28 AT34 AT37 AT44 AT9 

G18Result: 4.90725
G18nrChm: 2227
G18FB: AT15 AT16 AT18 AT20 AT21 AT22 AT23 AT24 AT26 AT28 AT34 AT37 AT44 AT9 

G19Result: 4.90725
G19nrChm: 2327
G19FB: AT15 AT16 AT18 AT20 AT21 AT22 AT23 AT24 AT26 AT28 AT34 AT37 AT44 AT9 

G20Result: 4.90725
G20nrChm: 2450
G20FB: AT15 AT16 AT18 AT20 AT21 AT22 AT23 AT24 AT26 AT28 AT34 AT37 AT44 AT9 

