G0Result: 4.80166
G0nrChm: 30
G0FB: AT15 AT18 AT20 AT21 AT22 AT23 AT24 AT26 AT28 AT32 AT34 AT44 AT9 

G1Result: 4.88378
G1nrChm: 304
G1FB: AT15 AT16 AT18 AT20 AT21 AT22 AT23 AT24 AT26 AT28 AT34 AT44 AT9 

G2Result: 4.88378
G2nrChm: 388
G2FB: AT15 AT16 AT18 AT20 AT21 AT22 AT23 AT24 AT26 AT28 AT34 AT44 AT9 

G3Result: 4.88378
G3nrChm: 516
G3FB: AT15 AT16 AT18 AT20 AT21 AT22 AT23 AT24 AT26 AT28 AT34 AT44 AT9 

G4Result: 4.88378
G4nrChm: 613
G4FB: AT15 AT16 AT18 AT20 AT21 AT22 AT23 AT24 AT26 AT28 AT34 AT44 AT9 

G5Result: 4.88378
G5nrChm: 717
G5FB: AT15 AT16 AT18 AT20 AT21 AT22 AT23 AT24 AT26 AT28 AT34 AT44 AT9 

G6Result: 4.88378
G6nrChm: 834
G6FB: AT15 AT16 AT18 AT20 AT21 AT22 AT23 AT24 AT26 AT28 AT34 AT44 AT9 

G7Result: 4.88378
G7nrChm: 922
G7FB: AT15 AT16 AT18 AT20 AT21 AT22 AT23 AT24 AT26 AT28 AT34 AT44 AT9 

G8Result: 4.88378
G8nrChm: 1040
G8FB: AT15 AT16 AT18 AT20 AT21 AT22 AT23 AT24 AT26 AT28 AT34 AT44 AT9 

G9Result: 4.88378
G9nrChm: 1138
G9FB: AT15 AT16 AT18 AT20 AT21 AT22 AT23 AT24 AT26 AT28 AT34 AT44 AT9 

G10Result: 4.88378
G10nrChm: 1224
G10FB: AT15 AT16 AT18 AT20 AT21 AT22 AT23 AT24 AT26 AT28 AT34 AT44 AT9 

G11Result: 4.88378
G11nrChm: 1322
G11FB: AT15 AT16 AT18 AT20 AT21 AT22 AT23 AT24 AT26 AT28 AT34 AT44 AT9 

G12Result: 4.88378
G12nrChm: 1394
G12FB: AT15 AT16 AT18 AT20 AT21 AT22 AT23 AT24 AT26 AT28 AT34 AT44 AT9 

G13Result: 4.88378
G13nrChm: 1479
G13FB: AT15 AT16 AT18 AT20 AT21 AT22 AT23 AT24 AT26 AT28 AT34 AT44 AT9 

G14Result: 4.90576
G14nrChm: 1561
G14FB: AT15 AT16 AT18 AT20 AT21 AT22 AT23 AT24 AT26 AT28 AT37 AT44 AT9 

G15Result: 4.90576
G15nrChm: 1652
G15FB: AT15 AT16 AT18 AT20 AT21 AT22 AT23 AT24 AT26 AT28 AT37 AT44 AT9 

G16Result: 4.90576
G16nrChm: 1724
G16FB: AT15 AT16 AT18 AT20 AT21 AT22 AT23 AT24 AT26 AT28 AT37 AT44 AT9 

G17Result: 4.90576
G17nrChm: 1847
G17FB: AT15 AT16 AT18 AT20 AT21 AT22 AT23 AT24 AT26 AT28 AT37 AT44 AT9 

G18Result: 4.90576
G18nrChm: 1899
G18FB: AT15 AT16 AT18 AT20 AT21 AT22 AT23 AT24 AT26 AT28 AT37 AT44 AT9 

G19Result: 4.90576
G19nrChm: 1992
G19FB: AT15 AT16 AT18 AT20 AT21 AT22 AT23 AT24 AT26 AT28 AT37 AT44 AT9 

G20Result: 4.90576
G20nrChm: 2056
G20FB: AT15 AT16 AT18 AT20 AT21 AT22 AT23 AT24 AT26 AT28 AT37 AT44 AT9 

