G0Result: 4.76363
G0nrChm: 30
G0FB: AT15 AT18 AT20 AT21 AT22 AT23 AT24 AT26 AT28 AT32 AT34 AT44 

G1Result: 4.84575
G1nrChm: 322
G1FB: AT15 AT16 AT18 AT20 AT21 AT22 AT23 AT24 AT26 AT28 AT34 AT44 

G2Result: 4.84575
G2nrChm: 366
G2FB: AT15 AT16 AT18 AT20 AT21 AT22 AT23 AT24 AT26 AT28 AT34 AT44 

G3Result: 4.86142
G3nrChm: 540
G3FB: AT15 AT18 AT20 AT21 AT22 AT23 AT24 AT26 AT28 AT37 AT44 AT9 

G4Result: 4.86142
G4nrChm: 619
G4FB: AT15 AT18 AT20 AT21 AT22 AT23 AT24 AT26 AT28 AT37 AT44 AT9 

G5Result: 4.86142
G5nrChm: 702
G5FB: AT15 AT18 AT20 AT21 AT22 AT23 AT24 AT26 AT28 AT37 AT44 AT9 

G6Result: 4.86142
G6nrChm: 819
G6FB: AT15 AT18 AT20 AT21 AT22 AT23 AT24 AT26 AT28 AT37 AT44 AT9 

G7Result: 4.86142
G7nrChm: 960
G7FB: AT15 AT18 AT20 AT21 AT22 AT23 AT24 AT26 AT28 AT37 AT44 AT9 

G8Result: 4.86142
G8nrChm: 1026
G8FB: AT15 AT18 AT20 AT21 AT22 AT23 AT24 AT26 AT28 AT37 AT44 AT9 

G9Result: 4.86142
G9nrChm: 1122
G9FB: AT15 AT18 AT20 AT21 AT22 AT23 AT24 AT26 AT28 AT37 AT44 AT9 

G10Result: 4.86142
G10nrChm: 1196
G10FB: AT15 AT18 AT20 AT21 AT22 AT23 AT24 AT26 AT28 AT37 AT44 AT9 

G11Result: 4.86142
G11nrChm: 1286
G11FB: AT15 AT18 AT20 AT21 AT22 AT23 AT24 AT26 AT28 AT37 AT44 AT9 

G12Result: 4.86142
G12nrChm: 1375
G12FB: AT15 AT18 AT20 AT21 AT22 AT23 AT24 AT26 AT28 AT37 AT44 AT9 

G13Result: 4.87264
G13nrChm: 1509
G13FB: AT15 AT16 AT18 AT20 AT21 AT22 AT23 AT24 AT26 AT28 AT44 AT9 

G14Result: 4.87264
G14nrChm: 1578
G14FB: AT15 AT16 AT18 AT20 AT21 AT22 AT23 AT24 AT26 AT28 AT44 AT9 

G15Result: 4.87264
G15nrChm: 1669
G15FB: AT15 AT16 AT18 AT20 AT21 AT22 AT23 AT24 AT26 AT28 AT44 AT9 

G16Result: 4.87264
G16nrChm: 1741
G16FB: AT15 AT16 AT18 AT20 AT21 AT22 AT23 AT24 AT26 AT28 AT44 AT9 

G17Result: 4.87264
G17nrChm: 1850
G17FB: AT15 AT16 AT18 AT20 AT21 AT22 AT23 AT24 AT26 AT28 AT44 AT9 

G18Result: 4.87264
G18nrChm: 1931
G18FB: AT15 AT16 AT18 AT20 AT21 AT22 AT23 AT24 AT26 AT28 AT44 AT9 

G19Result: 4.87264
G19nrChm: 1978
G19FB: AT15 AT16 AT18 AT20 AT21 AT22 AT23 AT24 AT26 AT28 AT44 AT9 

G20Result: 4.87264
G20nrChm: 2050
G20FB: AT15 AT16 AT18 AT20 AT21 AT22 AT23 AT24 AT26 AT28 AT44 AT9 

