G0Result: 3.95234
G0nrChm: 26
G0FB: AT20 AT21 AT22 AT23 AT24 

G1Result: 3.95234
G1nrChm: 115
G1FB: AT20 AT21 AT22 AT23 AT24 

G2Result: 3.95234
G2nrChm: 155
G2FB: AT20 AT21 AT22 AT23 AT24 

G3Result: 3.95234
G3nrChm: 191
G3FB: AT20 AT21 AT22 AT23 AT24 

G4Result: 3.95234
G4nrChm: 238
G4FB: AT20 AT21 AT22 AT23 AT24 

G5Result: 3.95234
G5nrChm: 270
G5FB: AT20 AT21 AT22 AT23 AT24 

G6Result: 3.95234
G6nrChm: 301
G6FB: AT20 AT21 AT22 AT23 AT24 

G7Result: 3.95234
G7nrChm: 335
G7FB: AT20 AT21 AT22 AT23 AT24 

G8Result: 3.95234
G8nrChm: 386
G8FB: AT20 AT21 AT22 AT23 AT24 

G9Result: 3.95234
G9nrChm: 413
G9FB: AT20 AT21 AT22 AT23 AT24 

G10Result: 3.95234
G10nrChm: 435
G10FB: AT20 AT21 AT22 AT23 AT24 

G11Result: 3.95234
G11nrChm: 467
G11FB: AT20 AT21 AT22 AT23 AT24 

G12Result: 3.95234
G12nrChm: 491
G12FB: AT20 AT21 AT22 AT23 AT24 

G13Result: 3.95234
G13nrChm: 511
G13FB: AT20 AT21 AT22 AT23 AT24 

G14Result: 3.95234
G14nrChm: 531
G14FB: AT20 AT21 AT22 AT23 AT24 

G15Result: 3.95234
G15nrChm: 592
G15FB: AT20 AT21 AT22 AT23 AT24 

G16Result: 3.95234
G16nrChm: 610
G16FB: AT20 AT21 AT22 AT23 AT24 

G17Result: 3.95234
G17nrChm: 622
G17FB: AT20 AT21 AT22 AT23 AT24 

G18Result: 3.95234
G18nrChm: 639
G18FB: AT20 AT21 AT22 AT23 AT24 

G19Result: 3.95234
G19nrChm: 661
G19FB: AT20 AT21 AT22 AT23 AT24 

G20Result: 3.95234
G20nrChm: 676
G20FB: AT20 AT21 AT22 AT23 AT24 

