G0Result: 4.57658
G0nrChm: 29
G0FB: AT15 AT16 AT18 AT19 AT20 AT21 AT22 AT23 AT24 AT26 AT32 AT34 AT42 AT44 AT9 

G1Result: 4.86696
G1nrChm: 319
G1FB: AT15 AT16 AT18 AT20 AT21 AT22 AT23 AT24 AT26 AT28 AT32 AT34 AT37 AT44 AT9 

G2Result: 4.88414
G2nrChm: 393
G2FB: AT15 AT16 AT18 AT2 AT20 AT21 AT22 AT23 AT24 AT26 AT28 AT34 AT44 AT9 

G3Result: 4.88414
G3nrChm: 506
G3FB: AT15 AT16 AT18 AT2 AT20 AT21 AT22 AT23 AT24 AT26 AT28 AT34 AT44 AT9 

G4Result: 4.88414
G4nrChm: 645
G4FB: AT15 AT16 AT18 AT2 AT20 AT21 AT22 AT23 AT24 AT26 AT28 AT34 AT44 AT9 

G5Result: 4.88414
G5nrChm: 770
G5FB: AT15 AT16 AT18 AT2 AT20 AT21 AT22 AT23 AT24 AT26 AT28 AT34 AT44 AT9 

G6Result: 4.90761
G6nrChm: 843
G6FB: AT15 AT16 AT18 AT2 AT20 AT21 AT22 AT23 AT24 AT26 AT28 AT34 AT37 AT44 AT9 

G7Result: 4.90761
G7nrChm: 994
G7FB: AT15 AT16 AT18 AT2 AT20 AT21 AT22 AT23 AT24 AT26 AT28 AT34 AT37 AT44 AT9 

G8Result: 4.90761
G8nrChm: 1103
G8FB: AT15 AT16 AT18 AT2 AT20 AT21 AT22 AT23 AT24 AT26 AT28 AT34 AT37 AT44 AT9 

G9Result: 4.90761
G9nrChm: 1256
G9FB: AT15 AT16 AT18 AT2 AT20 AT21 AT22 AT23 AT24 AT26 AT28 AT34 AT37 AT44 AT9 

G10Result: 4.90761
G10nrChm: 1357
G10FB: AT15 AT16 AT18 AT2 AT20 AT21 AT22 AT23 AT24 AT26 AT28 AT34 AT37 AT44 AT9 

G11Result: 4.90761
G11nrChm: 1434
G11FB: AT15 AT16 AT18 AT2 AT20 AT21 AT22 AT23 AT24 AT26 AT28 AT34 AT37 AT44 AT9 

G12Result: 4.90761
G12nrChm: 1536
G12FB: AT15 AT16 AT18 AT2 AT20 AT21 AT22 AT23 AT24 AT26 AT28 AT34 AT37 AT44 AT9 

G13Result: 4.90761
G13nrChm: 1635
G13FB: AT15 AT16 AT18 AT2 AT20 AT21 AT22 AT23 AT24 AT26 AT28 AT34 AT37 AT44 AT9 

G14Result: 4.90761
G14nrChm: 1741
G14FB: AT15 AT16 AT18 AT2 AT20 AT21 AT22 AT23 AT24 AT26 AT28 AT34 AT37 AT44 AT9 

G15Result: 4.90761
G15nrChm: 1872
G15FB: AT15 AT16 AT18 AT2 AT20 AT21 AT22 AT23 AT24 AT26 AT28 AT34 AT37 AT44 AT9 

G16Result: 4.90761
G16nrChm: 1971
G16FB: AT15 AT16 AT18 AT2 AT20 AT21 AT22 AT23 AT24 AT26 AT28 AT34 AT37 AT44 AT9 

G17Result: 4.90761
G17nrChm: 2056
G17FB: AT15 AT16 AT18 AT2 AT20 AT21 AT22 AT23 AT24 AT26 AT28 AT34 AT37 AT44 AT9 

G18Result: 4.90761
G18nrChm: 2188
G18FB: AT15 AT16 AT18 AT2 AT20 AT21 AT22 AT23 AT24 AT26 AT28 AT34 AT37 AT44 AT9 

G19Result: 4.90761
G19nrChm: 2252
G19FB: AT15 AT16 AT18 AT2 AT20 AT21 AT22 AT23 AT24 AT26 AT28 AT34 AT37 AT44 AT9 

G20Result: 4.90761
G20nrChm: 2358
G20FB: AT15 AT16 AT18 AT2 AT20 AT21 AT22 AT23 AT24 AT26 AT28 AT34 AT37 AT44 AT9 

