G0Result: 4.48779
G0nrChm: 30
G0FB: AT15 AT18 AT20 AT21 AT22 AT23 AT24 AT26 AT30 AT31 AT32 AT34 AT35 AT37 AT39 AT44 AT9 

G1Result: 4.87288
G1nrChm: 326
G1FB: AT15 AT18 AT20 AT21 AT22 AT23 AT24 AT26 AT28 AT31 AT34 AT37 AT44 AT9 

G2Result: 4.91564
G2nrChm: 464
G2FB: AT15 AT16 AT18 AT2 AT20 AT21 AT22 AT23 AT24 AT26 AT28 AT31 AT34 AT37 AT44 AT9 

G3Result: 4.91564
G3nrChm: 638
G3FB: AT15 AT16 AT18 AT2 AT20 AT21 AT22 AT23 AT24 AT26 AT28 AT31 AT34 AT37 AT44 AT9 

G4Result: 4.91564
G4nrChm: 727
G4FB: AT15 AT16 AT18 AT2 AT20 AT21 AT22 AT23 AT24 AT26 AT28 AT31 AT34 AT37 AT44 AT9 

G5Result: 4.91564
G5nrChm: 930
G5FB: AT15 AT16 AT18 AT2 AT20 AT21 AT22 AT23 AT24 AT26 AT28 AT31 AT34 AT37 AT44 AT9 

G6Result: 4.91564
G6nrChm: 1071
G6FB: AT15 AT16 AT18 AT2 AT20 AT21 AT22 AT23 AT24 AT26 AT28 AT31 AT34 AT37 AT44 AT9 

G7Result: 4.91564
G7nrChm: 1155
G7FB: AT15 AT16 AT18 AT2 AT20 AT21 AT22 AT23 AT24 AT26 AT28 AT31 AT34 AT37 AT44 AT9 

G8Result: 4.91564
G8nrChm: 1309
G8FB: AT15 AT16 AT18 AT2 AT20 AT21 AT22 AT23 AT24 AT26 AT28 AT31 AT34 AT37 AT44 AT9 

G9Result: 4.91564
G9nrChm: 1453
G9FB: AT15 AT16 AT18 AT2 AT20 AT21 AT22 AT23 AT24 AT26 AT28 AT31 AT34 AT37 AT44 AT9 

G10Result: 4.91564
G10nrChm: 1570
G10FB: AT15 AT16 AT18 AT2 AT20 AT21 AT22 AT23 AT24 AT26 AT28 AT31 AT34 AT37 AT44 AT9 

G11Result: 4.91564
G11nrChm: 1705
G11FB: AT15 AT16 AT18 AT2 AT20 AT21 AT22 AT23 AT24 AT26 AT28 AT31 AT34 AT37 AT44 AT9 

G12Result: 4.91564
G12nrChm: 1781
G12FB: AT15 AT16 AT18 AT2 AT20 AT21 AT22 AT23 AT24 AT26 AT28 AT31 AT34 AT37 AT44 AT9 

G13Result: 4.91564
G13nrChm: 1896
G13FB: AT15 AT16 AT18 AT2 AT20 AT21 AT22 AT23 AT24 AT26 AT28 AT31 AT34 AT37 AT44 AT9 

G14Result: 4.91564
G14nrChm: 2012
G14FB: AT15 AT16 AT18 AT2 AT20 AT21 AT22 AT23 AT24 AT26 AT28 AT31 AT34 AT37 AT44 AT9 

G15Result: 4.91564
G15nrChm: 2144
G15FB: AT15 AT16 AT18 AT2 AT20 AT21 AT22 AT23 AT24 AT26 AT28 AT31 AT34 AT37 AT44 AT9 

G16Result: 4.91564
G16nrChm: 2266
G16FB: AT15 AT16 AT18 AT2 AT20 AT21 AT22 AT23 AT24 AT26 AT28 AT31 AT34 AT37 AT44 AT9 

G17Result: 4.91564
G17nrChm: 2372
G17FB: AT15 AT16 AT18 AT2 AT20 AT21 AT22 AT23 AT24 AT26 AT28 AT31 AT34 AT37 AT44 AT9 

G18Result: 4.91564
G18nrChm: 2459
G18FB: AT15 AT16 AT18 AT2 AT20 AT21 AT22 AT23 AT24 AT26 AT28 AT31 AT34 AT37 AT44 AT9 

G19Result: 4.91564
G19nrChm: 2577
G19FB: AT15 AT16 AT18 AT2 AT20 AT21 AT22 AT23 AT24 AT26 AT28 AT31 AT34 AT37 AT44 AT9 

G20Result: 4.91564
G20nrChm: 2693
G20FB: AT15 AT16 AT18 AT2 AT20 AT21 AT22 AT23 AT24 AT26 AT28 AT31 AT34 AT37 AT44 AT9 

