G0Result: 3.62124
G0nrChm: 28
G0FB: AT21 AT22 AT23 AT24 

G1Result: 3.62124
G1nrChm: 96
G1FB: AT21 AT22 AT23 AT24 

G2Result: 3.62124
G2nrChm: 133
G2FB: AT21 AT22 AT23 AT24 

G3Result: 3.62124
G3nrChm: 169
G3FB: AT21 AT22 AT23 AT24 

G4Result: 3.62124
G4nrChm: 202
G4FB: AT21 AT22 AT23 AT24 

G5Result: 3.62124
G5nrChm: 225
G5FB: AT21 AT22 AT23 AT24 

G6Result: 3.62124
G6nrChm: 252
G6FB: AT21 AT22 AT23 AT24 

G7Result: 3.62124
G7nrChm: 276
G7FB: AT21 AT22 AT23 AT24 

G8Result: 3.62124
G8nrChm: 295
G8FB: AT21 AT22 AT23 AT24 

G9Result: 3.62124
G9nrChm: 304
G9FB: AT21 AT22 AT23 AT24 

G10Result: 3.62124
G10nrChm: 337
G10FB: AT21 AT22 AT23 AT24 

G11Result: 3.62124
G11nrChm: 358
G11FB: AT21 AT22 AT23 AT24 

G12Result: 3.62124
G12nrChm: 373
G12FB: AT21 AT22 AT23 AT24 

G13Result: 3.62124
G13nrChm: 398
G13FB: AT21 AT22 AT23 AT24 

G14Result: 3.62124
G14nrChm: 408
G14FB: AT21 AT22 AT23 AT24 

G15Result: 3.62124
G15nrChm: 419
G15FB: AT21 AT22 AT23 AT24 

G16Result: 3.62124
G16nrChm: 428
G16FB: AT21 AT22 AT23 AT24 

G17Result: 3.62124
G17nrChm: 441
G17FB: AT21 AT22 AT23 AT24 

G18Result: 3.62124
G18nrChm: 453
G18FB: AT21 AT22 AT23 AT24 

G19Result: 3.62124
G19nrChm: 463
G19FB: AT21 AT22 AT23 AT24 

G20Result: 3.62124
G20nrChm: 480
G20FB: AT21 AT22 AT23 AT24 

