G0Result: 4.67035
G0nrChm: 30
G0FB: AT15 AT18 AT19 AT2 AT20 AT21 AT22 AT23 AT24 AT26 AT27 AT28 AT31 AT34 AT37 AT44 

G1Result: 4.8662
G1nrChm: 254
G1FB: AT15 AT18 AT2 AT20 AT21 AT22 AT23 AT24 AT26 AT28 AT31 AT34 AT37 AT44 AT9 

G2Result: 4.8662
G2nrChm: 364
G2FB: AT15 AT18 AT2 AT20 AT21 AT22 AT23 AT24 AT26 AT28 AT31 AT34 AT37 AT44 AT9 

G3Result: 4.8662
G3nrChm: 542
G3FB: AT15 AT18 AT2 AT20 AT21 AT22 AT23 AT24 AT26 AT28 AT31 AT34 AT37 AT44 AT9 

G4Result: 4.88199
G4nrChm: 720
G4FB: AT14 AT15 AT18 AT20 AT21 AT22 AT23 AT24 AT26 AT28 AT31 AT34 AT37 AT44 AT9 

G5Result: 4.88199
G5nrChm: 824
G5FB: AT14 AT15 AT18 AT20 AT21 AT22 AT23 AT24 AT26 AT28 AT31 AT34 AT37 AT44 AT9 

G6Result: 4.88414
G6nrChm: 980
G6FB: AT15 AT16 AT18 AT2 AT20 AT21 AT22 AT23 AT24 AT26 AT28 AT34 AT44 AT9 

G7Result: 4.90262
G7nrChm: 1129
G7FB: AT14 AT15 AT16 AT18 AT2 AT20 AT21 AT22 AT23 AT24 AT26 AT28 AT34 AT37 AT44 AT9 

G8Result: 4.90262
G8nrChm: 1227
G8FB: AT14 AT15 AT16 AT18 AT2 AT20 AT21 AT22 AT23 AT24 AT26 AT28 AT34 AT37 AT44 AT9 

G9Result: 4.90262
G9nrChm: 1334
G9FB: AT14 AT15 AT16 AT18 AT2 AT20 AT21 AT22 AT23 AT24 AT26 AT28 AT34 AT37 AT44 AT9 

G10Result: 4.90262
G10nrChm: 1452
G10FB: AT14 AT15 AT16 AT18 AT2 AT20 AT21 AT22 AT23 AT24 AT26 AT28 AT34 AT37 AT44 AT9 

G11Result: 4.90262
G11nrChm: 1575
G11FB: AT14 AT15 AT16 AT18 AT2 AT20 AT21 AT22 AT23 AT24 AT26 AT28 AT34 AT37 AT44 AT9 

G12Result: 4.91139
G12nrChm: 1670
G12FB: AT14 AT15 AT16 AT18 AT20 AT21 AT22 AT23 AT24 AT26 AT28 AT31 AT34 AT37 AT44 AT9 

G13Result: 4.91139
G13nrChm: 1798
G13FB: AT14 AT15 AT16 AT18 AT20 AT21 AT22 AT23 AT24 AT26 AT28 AT31 AT34 AT37 AT44 AT9 

G14Result: 4.91139
G14nrChm: 1949
G14FB: AT14 AT15 AT16 AT18 AT20 AT21 AT22 AT23 AT24 AT26 AT28 AT31 AT34 AT37 AT44 AT9 

G15Result: 4.91529
G15nrChm: 2046
G15FB: AT15 AT16 AT18 AT20 AT21 AT22 AT23 AT24 AT26 AT28 AT31 AT34 AT37 AT44 AT9 

G16Result: 4.91529
G16nrChm: 2134
G16FB: AT15 AT16 AT18 AT20 AT21 AT22 AT23 AT24 AT26 AT28 AT31 AT34 AT37 AT44 AT9 

G17Result: 4.91529
G17nrChm: 2215
G17FB: AT15 AT16 AT18 AT20 AT21 AT22 AT23 AT24 AT26 AT28 AT31 AT34 AT37 AT44 AT9 

G18Result: 4.91529
G18nrChm: 2309
G18FB: AT15 AT16 AT18 AT20 AT21 AT22 AT23 AT24 AT26 AT28 AT31 AT34 AT37 AT44 AT9 

G19Result: 4.91529
G19nrChm: 2417
G19FB: AT15 AT16 AT18 AT20 AT21 AT22 AT23 AT24 AT26 AT28 AT31 AT34 AT37 AT44 AT9 

G20Result: 4.91529
G20nrChm: 2528
G20FB: AT15 AT16 AT18 AT20 AT21 AT22 AT23 AT24 AT26 AT28 AT31 AT34 AT37 AT44 AT9 

