G0Result: 3.02214
G0nrChm: 25
G0FB: AT21 AT22 AT24 

G1Result: 3.02214
G1nrChm: 56
G1FB: AT21 AT22 AT24 

G2Result: 3.02214
G2nrChm: 80
G2FB: AT21 AT22 AT24 

G3Result: 3.02214
G3nrChm: 93
G3FB: AT21 AT22 AT24 

G4Result: 3.02214
G4nrChm: 103
G4FB: AT21 AT22 AT24 

G5Result: 3.02214
G5nrChm: 112
G5FB: AT21 AT22 AT24 

G6Result: 3.02214
G6nrChm: 121
G6FB: AT21 AT22 AT24 

G7Result: 3.02214
G7nrChm: 139
G7FB: AT21 AT22 AT24 

G8Result: 3.02214
G8nrChm: 155
G8FB: AT21 AT22 AT24 

G9Result: 3.02214
G9nrChm: 168
G9FB: AT21 AT22 AT24 

G10Result: 3.02214
G10nrChm: 182
G10FB: AT21 AT22 AT24 

G11Result: 3.02214
G11nrChm: 192
G11FB: AT21 AT22 AT24 

G12Result: 3.02214
G12nrChm: 198
G12FB: AT21 AT22 AT24 

G13Result: 3.02214
G13nrChm: 207
G13FB: AT21 AT22 AT24 

G14Result: 3.02214
G14nrChm: 223
G14FB: AT21 AT22 AT24 

G15Result: 3.02214
G15nrChm: 238
G15FB: AT21 AT22 AT24 

G16Result: 3.02214
G16nrChm: 246
G16FB: AT21 AT22 AT24 

G17Result: 3.02214
G17nrChm: 262
G17FB: AT21 AT22 AT24 

G18Result: 3.02214
G18nrChm: 278
G18FB: AT21 AT22 AT24 

G19Result: 3.02214
G19nrChm: 284
G19FB: AT21 AT22 AT24 

G20Result: 3.02214
G20nrChm: 288
G20FB: AT21 AT22 AT24 

