G0Result: 4.55752
G0nrChm: 30
G0FB: AT14 AT15 AT17 AT18 AT2 AT20 AT21 AT22 AT23 AT24 AT26 AT30 AT31 AT37 AT39 AT44 AT8 AT9 

G1Result: 4.8049
G1nrChm: 303
G1FB: AT14 AT15 AT17 AT18 AT2 AT20 AT21 AT22 AT23 AT24 AT26 AT28 AT30 AT31 AT34 AT37 AT44 AT9 

G2Result: 4.90761
G2nrChm: 439
G2FB: AT15 AT16 AT18 AT2 AT20 AT21 AT22 AT23 AT24 AT26 AT28 AT34 AT37 AT44 AT9 

G3Result: 4.90761
G3nrChm: 616
G3FB: AT15 AT16 AT18 AT2 AT20 AT21 AT22 AT23 AT24 AT26 AT28 AT34 AT37 AT44 AT9 

G4Result: 4.90761
G4nrChm: 777
G4FB: AT15 AT16 AT18 AT2 AT20 AT21 AT22 AT23 AT24 AT26 AT28 AT34 AT37 AT44 AT9 

G5Result: 4.91564
G5nrChm: 924
G5FB: AT15 AT16 AT18 AT2 AT20 AT21 AT22 AT23 AT24 AT26 AT28 AT31 AT34 AT37 AT44 AT9 

G6Result: 4.91564
G6nrChm: 1034
G6FB: AT15 AT16 AT18 AT2 AT20 AT21 AT22 AT23 AT24 AT26 AT28 AT31 AT34 AT37 AT44 AT9 

G7Result: 4.91564
G7nrChm: 1141
G7FB: AT15 AT16 AT18 AT2 AT20 AT21 AT22 AT23 AT24 AT26 AT28 AT31 AT34 AT37 AT44 AT9 

G8Result: 4.91564
G8nrChm: 1314
G8FB: AT15 AT16 AT18 AT2 AT20 AT21 AT22 AT23 AT24 AT26 AT28 AT31 AT34 AT37 AT44 AT9 

G9Result: 4.91564
G9nrChm: 1441
G9FB: AT15 AT16 AT18 AT2 AT20 AT21 AT22 AT23 AT24 AT26 AT28 AT31 AT34 AT37 AT44 AT9 

G10Result: 4.91564
G10nrChm: 1531
G10FB: AT15 AT16 AT18 AT2 AT20 AT21 AT22 AT23 AT24 AT26 AT28 AT31 AT34 AT37 AT44 AT9 

G11Result: 4.91564
G11nrChm: 1654
G11FB: AT15 AT16 AT18 AT2 AT20 AT21 AT22 AT23 AT24 AT26 AT28 AT31 AT34 AT37 AT44 AT9 

G12Result: 4.91564
G12nrChm: 1785
G12FB: AT15 AT16 AT18 AT2 AT20 AT21 AT22 AT23 AT24 AT26 AT28 AT31 AT34 AT37 AT44 AT9 

G13Result: 4.91564
G13nrChm: 1867
G13FB: AT15 AT16 AT18 AT2 AT20 AT21 AT22 AT23 AT24 AT26 AT28 AT31 AT34 AT37 AT44 AT9 

G14Result: 4.91564
G14nrChm: 1984
G14FB: AT15 AT16 AT18 AT2 AT20 AT21 AT22 AT23 AT24 AT26 AT28 AT31 AT34 AT37 AT44 AT9 

G15Result: 4.91564
G15nrChm: 2075
G15FB: AT15 AT16 AT18 AT2 AT20 AT21 AT22 AT23 AT24 AT26 AT28 AT31 AT34 AT37 AT44 AT9 

G16Result: 4.91564
G16nrChm: 2193
G16FB: AT15 AT16 AT18 AT2 AT20 AT21 AT22 AT23 AT24 AT26 AT28 AT31 AT34 AT37 AT44 AT9 

G17Result: 4.91564
G17nrChm: 2273
G17FB: AT15 AT16 AT18 AT2 AT20 AT21 AT22 AT23 AT24 AT26 AT28 AT31 AT34 AT37 AT44 AT9 

G18Result: 4.91564
G18nrChm: 2386
G18FB: AT15 AT16 AT18 AT2 AT20 AT21 AT22 AT23 AT24 AT26 AT28 AT31 AT34 AT37 AT44 AT9 

G19Result: 4.91564
G19nrChm: 2484
G19FB: AT15 AT16 AT18 AT2 AT20 AT21 AT22 AT23 AT24 AT26 AT28 AT31 AT34 AT37 AT44 AT9 

G20Result: 4.91564
G20nrChm: 2590
G20FB: AT15 AT16 AT18 AT2 AT20 AT21 AT22 AT23 AT24 AT26 AT28 AT31 AT34 AT37 AT44 AT9 

