G0Result: 4.86524
G0nrChm: 30
G0FB: AT15 AT17 AT18 AT2 AT20 AT21 AT22 AT23 AT24 AT26 AT27 AT28 AT32 AT34 AT37 AT38 AT42 AT44 AT9 

G1Result: 4.86524
G1nrChm: 363
G1FB: AT15 AT17 AT18 AT2 AT20 AT21 AT22 AT23 AT24 AT26 AT27 AT28 AT32 AT34 AT37 AT38 AT42 AT44 AT9 

G2Result: 4.8699
G2nrChm: 551
G2FB: AT15 AT17 AT18 AT20 AT21 AT22 AT23 AT24 AT26 AT27 AT28 AT31 AT32 AT34 AT37 AT38 AT44 AT9 

G3Result: 4.8824
G3nrChm: 717
G3FB: AT14 AT15 AT17 AT18 AT20 AT21 AT22 AT23 AT24 AT26 AT27 AT28 AT31 AT32 AT34 AT37 AT38 AT44 AT9 

G4Result: 4.8824
G4nrChm: 822
G4FB: AT14 AT15 AT17 AT18 AT20 AT21 AT22 AT23 AT24 AT26 AT27 AT28 AT31 AT32 AT34 AT37 AT38 AT44 AT9 

G5Result: 4.8824
G5nrChm: 999
G5FB: AT14 AT15 AT17 AT18 AT20 AT21 AT22 AT23 AT24 AT26 AT27 AT28 AT31 AT32 AT34 AT37 AT38 AT44 AT9 

G6Result: 4.88958
G6nrChm: 1165
G6FB: AT15 AT16 AT18 AT20 AT21 AT22 AT23 AT24 AT26 AT27 AT28 AT31 AT32 AT34 AT37 AT38 AT44 AT9 

G7Result: 4.88958
G7nrChm: 1304
G7FB: AT15 AT16 AT18 AT20 AT21 AT22 AT23 AT24 AT26 AT27 AT28 AT31 AT32 AT34 AT37 AT38 AT44 AT9 

G8Result: 4.88958
G8nrChm: 1438
G8FB: AT15 AT16 AT18 AT20 AT21 AT22 AT23 AT24 AT26 AT27 AT28 AT31 AT32 AT34 AT37 AT38 AT44 AT9 

G9Result: 4.88958
G9nrChm: 1575
G9FB: AT15 AT16 AT18 AT20 AT21 AT22 AT23 AT24 AT26 AT27 AT28 AT31 AT32 AT34 AT37 AT38 AT44 AT9 

G10Result: 4.88958
G10nrChm: 1732
G10FB: AT15 AT16 AT18 AT20 AT21 AT22 AT23 AT24 AT26 AT27 AT28 AT31 AT32 AT34 AT37 AT38 AT44 AT9 

G11Result: 4.88958
G11nrChm: 1861
G11FB: AT15 AT16 AT18 AT20 AT21 AT22 AT23 AT24 AT26 AT27 AT28 AT31 AT32 AT34 AT37 AT38 AT44 AT9 

G12Result: 4.88958
G12nrChm: 1966
G12FB: AT15 AT16 AT18 AT20 AT21 AT22 AT23 AT24 AT26 AT27 AT28 AT31 AT32 AT34 AT37 AT38 AT44 AT9 

G13Result: 4.88958
G13nrChm: 2081
G13FB: AT15 AT16 AT18 AT20 AT21 AT22 AT23 AT24 AT26 AT27 AT28 AT31 AT32 AT34 AT37 AT38 AT44 AT9 

G14Result: 4.88958
G14nrChm: 2213
G14FB: AT15 AT16 AT18 AT20 AT21 AT22 AT23 AT24 AT26 AT27 AT28 AT31 AT32 AT34 AT37 AT38 AT44 AT9 

G15Result: 4.88958
G15nrChm: 2320
G15FB: AT15 AT16 AT18 AT20 AT21 AT22 AT23 AT24 AT26 AT27 AT28 AT31 AT32 AT34 AT37 AT38 AT44 AT9 

G16Result: 4.88958
G16nrChm: 2424
G16FB: AT15 AT16 AT18 AT20 AT21 AT22 AT23 AT24 AT26 AT27 AT28 AT31 AT32 AT34 AT37 AT38 AT44 AT9 

G17Result: 4.88958
G17nrChm: 2526
G17FB: AT15 AT16 AT18 AT20 AT21 AT22 AT23 AT24 AT26 AT27 AT28 AT31 AT32 AT34 AT37 AT38 AT44 AT9 

G18Result: 4.88958
G18nrChm: 2618
G18FB: AT15 AT16 AT18 AT20 AT21 AT22 AT23 AT24 AT26 AT27 AT28 AT31 AT32 AT34 AT37 AT38 AT44 AT9 

G19Result: 4.88958
G19nrChm: 2727
G19FB: AT15 AT16 AT18 AT20 AT21 AT22 AT23 AT24 AT26 AT27 AT28 AT31 AT32 AT34 AT37 AT38 AT44 AT9 

G20Result: 4.88958
G20nrChm: 2825
G20FB: AT15 AT16 AT18 AT20 AT21 AT22 AT23 AT24 AT26 AT27 AT28 AT31 AT32 AT34 AT37 AT38 AT44 AT9 

