G0Result: 4.58626
G0nrChm: 30
G0FB: AT15 AT18 AT19 AT20 AT21 AT22 AT23 AT24 AT9 

G1Result: 4.78046
G1nrChm: 242
G1FB: AT15 AT18 AT20 AT21 AT22 AT23 AT24 AT44 AT9 

G2Result: 4.78046
G2nrChm: 289
G2FB: AT15 AT18 AT20 AT21 AT22 AT23 AT24 AT44 AT9 

G3Result: 4.78046
G3nrChm: 423
G3FB: AT15 AT18 AT20 AT21 AT22 AT23 AT24 AT44 AT9 

G4Result: 4.78046
G4nrChm: 481
G4FB: AT15 AT18 AT20 AT21 AT22 AT23 AT24 AT44 AT9 

G5Result: 4.78046
G5nrChm: 569
G5FB: AT15 AT18 AT20 AT21 AT22 AT23 AT24 AT44 AT9 

G6Result: 4.78046
G6nrChm: 636
G6FB: AT15 AT18 AT20 AT21 AT22 AT23 AT24 AT44 AT9 

G7Result: 4.78046
G7nrChm: 708
G7FB: AT15 AT18 AT20 AT21 AT22 AT23 AT24 AT44 AT9 

G8Result: 4.78046
G8nrChm: 758
G8FB: AT15 AT18 AT20 AT21 AT22 AT23 AT24 AT44 AT9 

G9Result: 4.78046
G9nrChm: 847
G9FB: AT15 AT18 AT20 AT21 AT22 AT23 AT24 AT44 AT9 

G10Result: 4.78046
G10nrChm: 909
G10FB: AT15 AT18 AT20 AT21 AT22 AT23 AT24 AT44 AT9 

G11Result: 4.78046
G11nrChm: 999
G11FB: AT15 AT18 AT20 AT21 AT22 AT23 AT24 AT44 AT9 

G12Result: 4.78046
G12nrChm: 1087
G12FB: AT15 AT18 AT20 AT21 AT22 AT23 AT24 AT44 AT9 

G13Result: 4.78046
G13nrChm: 1153
G13FB: AT15 AT18 AT20 AT21 AT22 AT23 AT24 AT44 AT9 

G14Result: 4.78046
G14nrChm: 1232
G14FB: AT15 AT18 AT20 AT21 AT22 AT23 AT24 AT44 AT9 

G15Result: 4.78046
G15nrChm: 1282
G15FB: AT15 AT18 AT20 AT21 AT22 AT23 AT24 AT44 AT9 

G16Result: 4.78046
G16nrChm: 1344
G16FB: AT15 AT18 AT20 AT21 AT22 AT23 AT24 AT44 AT9 

G17Result: 4.78046
G17nrChm: 1397
G17FB: AT15 AT18 AT20 AT21 AT22 AT23 AT24 AT44 AT9 

G18Result: 4.78046
G18nrChm: 1461
G18FB: AT15 AT18 AT20 AT21 AT22 AT23 AT24 AT44 AT9 

G19Result: 4.78046
G19nrChm: 1517
G19FB: AT15 AT18 AT20 AT21 AT22 AT23 AT24 AT44 AT9 

G20Result: 4.78046
G20nrChm: 1596
G20FB: AT15 AT18 AT20 AT21 AT22 AT23 AT24 AT44 AT9 

