G0Result: 4.49829
G0nrChm: 29
G0FB: AT15 AT20 AT21 AT22 AT23 AT24 AT44 

G1Result: 4.49829
G1nrChm: 176
G1FB: AT15 AT20 AT21 AT22 AT23 AT24 AT44 

G2Result: 4.49829
G2nrChm: 236
G2FB: AT15 AT20 AT21 AT22 AT23 AT24 AT44 

G3Result: 4.49829
G3nrChm: 313
G3FB: AT15 AT20 AT21 AT22 AT23 AT24 AT44 

G4Result: 4.49829
G4nrChm: 370
G4FB: AT15 AT20 AT21 AT22 AT23 AT24 AT44 

G5Result: 4.49829
G5nrChm: 413
G5FB: AT15 AT20 AT21 AT22 AT23 AT24 AT44 

G6Result: 4.49829
G6nrChm: 476
G6FB: AT15 AT20 AT21 AT22 AT23 AT24 AT44 

G7Result: 4.49829
G7nrChm: 520
G7FB: AT15 AT20 AT21 AT22 AT23 AT24 AT44 

G8Result: 4.49829
G8nrChm: 605
G8FB: AT15 AT20 AT21 AT22 AT23 AT24 AT44 

G9Result: 4.49829
G9nrChm: 635
G9FB: AT15 AT20 AT21 AT22 AT23 AT24 AT44 

G10Result: 4.49829
G10nrChm: 702
G10FB: AT15 AT20 AT21 AT22 AT23 AT24 AT44 

G11Result: 4.49829
G11nrChm: 724
G11FB: AT15 AT20 AT21 AT22 AT23 AT24 AT44 

G12Result: 4.49829
G12nrChm: 795
G12FB: AT15 AT20 AT21 AT22 AT23 AT24 AT44 

G13Result: 4.49829
G13nrChm: 837
G13FB: AT15 AT20 AT21 AT22 AT23 AT24 AT44 

G14Result: 4.49829
G14nrChm: 883
G14FB: AT15 AT20 AT21 AT22 AT23 AT24 AT44 

G15Result: 4.49829
G15nrChm: 922
G15FB: AT15 AT20 AT21 AT22 AT23 AT24 AT44 

G16Result: 4.49829
G16nrChm: 957
G16FB: AT15 AT20 AT21 AT22 AT23 AT24 AT44 

G17Result: 4.49829
G17nrChm: 991
G17FB: AT15 AT20 AT21 AT22 AT23 AT24 AT44 

G18Result: 4.49829
G18nrChm: 1031
G18FB: AT15 AT20 AT21 AT22 AT23 AT24 AT44 

G19Result: 4.49829
G19nrChm: 1057
G19FB: AT15 AT20 AT21 AT22 AT23 AT24 AT44 

G20Result: 4.49829
G20nrChm: 1103
G20FB: AT15 AT20 AT21 AT22 AT23 AT24 AT44 

