G0Result: 4.73282
G0nrChm: 29
G0FB: AT15 AT18 AT20 AT21 AT22 AT23 AT24 AT26 AT44 AT9 

G1Result: 4.7923
G1nrChm: 245
G1FB: AT15 AT18 AT20 AT21 AT22 AT23 AT24 AT26 AT28 AT44 

G2Result: 4.81316
G2nrChm: 333
G2FB: AT15 AT18 AT20 AT21 AT22 AT23 AT24 AT34 AT44 AT9 

G3Result: 4.81316
G3nrChm: 443
G3FB: AT15 AT18 AT20 AT21 AT22 AT23 AT24 AT34 AT44 AT9 

G4Result: 4.81316
G4nrChm: 523
G4FB: AT15 AT18 AT20 AT21 AT22 AT23 AT24 AT34 AT44 AT9 

G5Result: 4.81316
G5nrChm: 627
G5FB: AT15 AT18 AT20 AT21 AT22 AT23 AT24 AT34 AT44 AT9 

G6Result: 4.81316
G6nrChm: 700
G6FB: AT15 AT18 AT20 AT21 AT22 AT23 AT24 AT34 AT44 AT9 

G7Result: 4.81316
G7nrChm: 785
G7FB: AT15 AT18 AT20 AT21 AT22 AT23 AT24 AT34 AT44 AT9 

G8Result: 4.81316
G8nrChm: 876
G8FB: AT15 AT18 AT20 AT21 AT22 AT23 AT24 AT34 AT44 AT9 

G9Result: 4.81316
G9nrChm: 975
G9FB: AT15 AT18 AT20 AT21 AT22 AT23 AT24 AT34 AT44 AT9 

G10Result: 4.81316
G10nrChm: 1037
G10FB: AT15 AT18 AT20 AT21 AT22 AT23 AT24 AT34 AT44 AT9 

G11Result: 4.83417
G11nrChm: 1175
G11FB: AT15 AT18 AT20 AT21 AT22 AT23 AT24 AT37 AT44 AT9 

G12Result: 4.83417
G12nrChm: 1253
G12FB: AT15 AT18 AT20 AT21 AT22 AT23 AT24 AT37 AT44 AT9 

G13Result: 4.83417
G13nrChm: 1302
G13FB: AT15 AT18 AT20 AT21 AT22 AT23 AT24 AT37 AT44 AT9 

G14Result: 4.83417
G14nrChm: 1378
G14FB: AT15 AT18 AT20 AT21 AT22 AT23 AT24 AT37 AT44 AT9 

G15Result: 4.83417
G15nrChm: 1461
G15FB: AT15 AT18 AT20 AT21 AT22 AT23 AT24 AT37 AT44 AT9 

G16Result: 4.83417
G16nrChm: 1536
G16FB: AT15 AT18 AT20 AT21 AT22 AT23 AT24 AT37 AT44 AT9 

G17Result: 4.83417
G17nrChm: 1598
G17FB: AT15 AT18 AT20 AT21 AT22 AT23 AT24 AT37 AT44 AT9 

G18Result: 4.83417
G18nrChm: 1650
G18FB: AT15 AT18 AT20 AT21 AT22 AT23 AT24 AT37 AT44 AT9 

G19Result: 4.83417
G19nrChm: 1715
G19FB: AT15 AT18 AT20 AT21 AT22 AT23 AT24 AT37 AT44 AT9 

G20Result: 4.83417
G20nrChm: 1813
G20FB: AT15 AT18 AT20 AT21 AT22 AT23 AT24 AT37 AT44 AT9 

