G0Result: 4.7335
G0nrChm: 30
G0FB: AT15 AT18 AT20 AT21 AT22 AT23 AT24 AT34 AT35 AT44 AT9 

G1Result: 4.83033
G1nrChm: 264
G1FB: AT15 AT18 AT20 AT21 AT22 AT23 AT24 AT26 AT28 AT44 AT9 

G2Result: 4.83417
G2nrChm: 341
G2FB: AT15 AT18 AT20 AT21 AT22 AT23 AT24 AT37 AT44 AT9 

G3Result: 4.83417
G3nrChm: 470
G3FB: AT15 AT18 AT20 AT21 AT22 AT23 AT24 AT37 AT44 AT9 

G4Result: 4.83417
G4nrChm: 598
G4FB: AT15 AT18 AT20 AT21 AT22 AT23 AT24 AT37 AT44 AT9 

G5Result: 4.83417
G5nrChm: 736
G5FB: AT15 AT18 AT20 AT21 AT22 AT23 AT24 AT37 AT44 AT9 

G6Result: 4.83417
G6nrChm: 820
G6FB: AT15 AT18 AT20 AT21 AT22 AT23 AT24 AT37 AT44 AT9 

G7Result: 4.83417
G7nrChm: 919
G7FB: AT15 AT18 AT20 AT21 AT22 AT23 AT24 AT37 AT44 AT9 

G8Result: 4.83417
G8nrChm: 1016
G8FB: AT15 AT18 AT20 AT21 AT22 AT23 AT24 AT37 AT44 AT9 

G9Result: 4.83461
G9nrChm: 1099
G9FB: AT15 AT16 AT18 AT20 AT21 AT22 AT23 AT24 AT26 AT28 AT44 

G10Result: 4.83461
G10nrChm: 1184
G10FB: AT15 AT16 AT18 AT20 AT21 AT22 AT23 AT24 AT26 AT28 AT44 

G11Result: 4.83461
G11nrChm: 1255
G11FB: AT15 AT16 AT18 AT20 AT21 AT22 AT23 AT24 AT26 AT28 AT44 

G12Result: 4.83677
G12nrChm: 1353
G12FB: AT14 AT15 AT18 AT20 AT21 AT22 AT23 AT24 AT37 AT44 AT9 

G13Result: 4.83677
G13nrChm: 1478
G13FB: AT14 AT15 AT18 AT20 AT21 AT22 AT23 AT24 AT37 AT44 AT9 

G14Result: 4.83677
G14nrChm: 1538
G14FB: AT14 AT15 AT18 AT20 AT21 AT22 AT23 AT24 AT37 AT44 AT9 

G15Result: 4.83677
G15nrChm: 1631
G15FB: AT14 AT15 AT18 AT20 AT21 AT22 AT23 AT24 AT37 AT44 AT9 

G16Result: 4.83677
G16nrChm: 1743
G16FB: AT14 AT15 AT18 AT20 AT21 AT22 AT23 AT24 AT37 AT44 AT9 

G17Result: 4.83677
G17nrChm: 1808
G17FB: AT14 AT15 AT18 AT20 AT21 AT22 AT23 AT24 AT37 AT44 AT9 

G18Result: 4.83677
G18nrChm: 1880
G18FB: AT14 AT15 AT18 AT20 AT21 AT22 AT23 AT24 AT37 AT44 AT9 

G19Result: 4.84055
G19nrChm: 1986
G19FB: AT15 AT18 AT2 AT20 AT21 AT22 AT23 AT24 AT37 AT44 AT9 

G20Result: 4.84055
G20nrChm: 2043
G20FB: AT15 AT18 AT2 AT20 AT21 AT22 AT23 AT24 AT37 AT44 AT9 

