G0Result: 4.30206
G0nrChm: 30
G0FB: AT15 AT20 AT21 AT22 AT23 AT24 

G1Result: 4.30206
G1nrChm: 145
G1FB: AT15 AT20 AT21 AT22 AT23 AT24 

G2Result: 4.30206
G2nrChm: 175
G2FB: AT15 AT20 AT21 AT22 AT23 AT24 

G3Result: 4.30206
G3nrChm: 238
G3FB: AT15 AT20 AT21 AT22 AT23 AT24 

G4Result: 4.30206
G4nrChm: 288
G4FB: AT15 AT20 AT21 AT22 AT23 AT24 

G5Result: 4.30206
G5nrChm: 333
G5FB: AT15 AT20 AT21 AT22 AT23 AT24 

G6Result: 4.30206
G6nrChm: 377
G6FB: AT15 AT20 AT21 AT22 AT23 AT24 

G7Result: 4.30206
G7nrChm: 399
G7FB: AT15 AT20 AT21 AT22 AT23 AT24 

G8Result: 4.30206
G8nrChm: 424
G8FB: AT15 AT20 AT21 AT22 AT23 AT24 

G9Result: 4.30206
G9nrChm: 491
G9FB: AT15 AT20 AT21 AT22 AT23 AT24 

G10Result: 4.30206
G10nrChm: 522
G10FB: AT15 AT20 AT21 AT22 AT23 AT24 

G11Result: 4.30206
G11nrChm: 581
G11FB: AT15 AT20 AT21 AT22 AT23 AT24 

G12Result: 4.30206
G12nrChm: 636
G12FB: AT15 AT20 AT21 AT22 AT23 AT24 

G13Result: 4.30206
G13nrChm: 667
G13FB: AT15 AT20 AT21 AT22 AT23 AT24 

G14Result: 4.30206
G14nrChm: 710
G14FB: AT15 AT20 AT21 AT22 AT23 AT24 

G15Result: 4.30206
G15nrChm: 744
G15FB: AT15 AT20 AT21 AT22 AT23 AT24 

G16Result: 4.30206
G16nrChm: 778
G16FB: AT15 AT20 AT21 AT22 AT23 AT24 

G17Result: 4.30206
G17nrChm: 817
G17FB: AT15 AT20 AT21 AT22 AT23 AT24 

G18Result: 4.30206
G18nrChm: 838
G18FB: AT15 AT20 AT21 AT22 AT23 AT24 

G19Result: 4.30206
G19nrChm: 875
G19FB: AT15 AT20 AT21 AT22 AT23 AT24 

G20Result: 4.30206
G20nrChm: 924
G20FB: AT15 AT20 AT21 AT22 AT23 AT24 

